MIN=0	0	0	0	0	-10	0	0
MAX=100	10	511	1292.08478632479	1000	10	1	2000
SCALE=100	5	100	500	500	5	0.5	500
DEC=0	0	0	1	0	2	0	0
DEF="Time" t / s	"Events" N_A	"Channel" n_A	"Energy" E_A / keV	"Rate" R_A / 1/s	"Voltage" U_B1 / V	"Voltage source" S_1	"Voltage" U_A / V
0	0	0	-22.8011965811966		0.015	1	594.8359375
1.001	0	1	-20.2280341880342	2.03280768653374	0.01	1	594.8359375
2.001	0	2	-17.6548717948718	3.32943641298063	0.01	1	594.8359375
3.001	0	3	-15.0817094017094	3.0028001111036	0.01	1	594.8359375
4	0	4	-12.508547008547	3.32967180423927	0.015	1	595.223958333333
4.999	0	5	-9.93538461538461	5.00778460116251	0.015	1	595.223958333333
5.999	0	6	-7.36222222222222	1.00000890007921	0.01	1	595.223958333333
6.999	0	7	-4.78905982905983	1.11094693784141	0.01	1	595.223958333333
7.999	0	8	-2.21589743589744	7.00002240007168	0.01	1	594.8359375
8.999	0	9	0.357264957264952	5.55522841432671	0.01	1	594.8359375
9.999	0	10	2.93042735042735	3.32984661394558	0.015	1	594.8359375
10.999	0	11	5.50358974358974	2.00188657791102	0.01	1	594.8359375
12	0	12	8.07675213675213	1.11104568286534	0.01	1	594.8359375
12.999	0	13	10.6499145299145	3.3322233327165	0.015	1	594.8359375
13.999	0	14	13.2230769230769	2.9984345173385	0.015	1	594.8359375
14.999	0	15	15.7962393162393	5.00461625803641	0.01	1	594.8359375
15.999	0	16	18.3694017094017	3.33321630040545	0.005	1	594.8359375
16.999	0	17	20.9425641025641	5.55484885534007	0.01	1	594.8359375
17.999	0	18	23.5157264957265	3.33020220321738	0.015	1	594.8359375
18.999	0	19	26.0888888888889	4.00320736974464	0.015	1	594.8359375
20	1	20	28.6620512820513	9.9978027051388	0.01	1	594.8359375
	0	21	31.2352136752137				
	0	22	33.8083760683761				
	0	23	36.3815384615385				
	0	24	38.9547008547009				
	0	25	41.5278632478633				
	0	26	44.1010256410256				
	0	27	46.674188034188				
	0	28	49.2473504273504				
	1	29	51.8205128205128				
	0	30	54.3936752136752				
	0	31	56.9668376068376				
	0	32	59.54				
	0	33	62.1131623931624				
	0	34	64.6863247863248				
	1	35	67.2594871794872				
	1	36	69.8326495726496				
	1	37	72.405811965812				
	0	38	74.9789743589744				
	1	39	77.5521367521367				
	0	40	80.1252991452992				
	1	41	82.6984615384615				
	3	42	85.2716239316239				
	1	43	87.8447863247863				
	0	44	90.4179487179487				
	1	45	92.9911111111111				
	0	46	95.5642735042735				
	0	47	98.1374358974359				
	0	48	100.710598290598				
	1	49	103.283760683761				
	0	50	105.856923076923				
	0	51	108.430085470085				
	0	52	111.003247863248				
	0	53	113.57641025641				
	0	54	116.149572649573				
	0	55	118.722735042735				
	0	56	121.295897435897				
	0	57	123.86905982906				
	1	58	126.442222222222				
	3	59	129.015384615385				
	0	60	131.588547008547				
	0	61	134.161709401709				
	1	62	136.734871794872				
	0	63	139.308034188034				
	0	64	141.881196581197				
	0	65	144.454358974359				
	0	66	147.027521367521				
	1	67	149.600683760684				
	0	68	152.173846153846				
	2	69	154.747008547009				
	0	70	157.320170940171				
	1	71	159.893333333333				
	0	72	162.466495726496				
	1	73	165.039658119658				
	1	74	167.612820512821				
	0	75	170.185982905983				
	0	76	172.759145299145				
	0	77	175.332307692308				
	2	78	177.90547008547				
	0	79	180.478632478632				
	0	80	183.051794871795				
	1	81	185.624957264957				
	0	82	188.19811965812				
	1	83	190.771282051282				
	2	84	193.344444444444				
	0	85	195.917606837607				
	0	86	198.490769230769				
	0	87	201.063931623932				
	0	88	203.637094017094				
	0	89	206.210256410256				
	0	90	208.783418803419				
	0	91	211.356581196581				
	0	92	213.929743589744				
	1	93	216.502905982906				
	0	94	219.076068376068				
	0	95	221.649230769231				
	0	96	224.222393162393				
	0	97	226.795555555556				
	0	98	229.368717948718				
	0	99	231.94188034188				
	0	100	234.515042735043				
	1	101	237.088205128205				
	1	102	239.661367521368				
	0	103	242.23452991453				
	0	104	244.807692307692				
	2	105	247.380854700855				
	1	106	249.954017094017				
	1	107	252.527179487179				
	0	108	255.100341880342				
	0	109	257.673504273504				
	1	110	260.246666666667				
	0	111	262.819829059829				
	0	112	265.392991452991				
	0	113	267.966153846154				
	0	114	270.539316239316				
	0	115	273.112478632479				
	0	116	275.685641025641				
	1	117	278.258803418803				
	0	118	280.831965811966				
	0	119	283.405128205128				
	0	120	285.978290598291				
	0	121	288.551452991453				
	0	122	291.124615384615				
	0	123	293.697777777778				
	0	124	296.27094017094				
	0	125	298.844102564103				
	0	126	301.417264957265				
	0	127	303.990427350427				
	0	128	306.56358974359				
	0	129	309.136752136752				
	0	130	311.709914529915				
	1	131	314.283076923077				
	0	132	316.856239316239				
	0	133	319.429401709402				
	0	134	322.002564102564				
	1	135	324.575726495727				
	0	136	327.148888888889				
	1	137	329.722051282051				
	0	138	332.295213675214				
	0	139	334.868376068376				
	0	140	337.441538461538				
	0	141	340.014700854701				
	0	142	342.587863247863				
	0	143	345.161025641026				
	0	144	347.734188034188				
	0	145	350.30735042735				
	0	146	352.880512820513				
	0	147	355.453675213675				
	0	148	358.026837606838				
	1	149	360.6				
	2	150	363.173162393162				
	0	151	365.746324786325				
	0	152	368.319487179487				
	1	153	370.89264957265				
	0	154	373.465811965812				
	0	155	376.038974358974				
	0	156	378.612136752137				
	0	157	381.185299145299				
	1	158	383.758461538462				
	0	159	386.331623931624				
	0	160	388.904786324786				
	0	161	391.477948717949				
	0	162	394.051111111111				
	0	163	396.624273504274				
	0	164	399.197435897436				
	0	165	401.770598290598				
	0	166	404.343760683761				
	0	167	406.916923076923				
	1	168	409.490085470086				
	0	169	412.063247863248				
	0	170	414.63641025641				
	0	171	417.209572649573				
	0	172	419.782735042735				
	0	173	422.355897435897				
	0	174	424.92905982906				
	0	175	427.502222222222				
	1	176	430.075384615385				
	0	177	432.648547008547				
	0	178	435.221709401709				
	0	179	437.794871794872				
	0	180	440.368034188034				
	0	181	442.941196581197				
	0	182	445.514358974359				
	0	183	448.087521367521				
	0	184	450.660683760684				
	0	185	453.233846153846				
	1	186	455.807008547009				
	0	187	458.380170940171				
	0	188	460.953333333333				
	0	189	463.526495726496				
	0	190	466.099658119658				
	0	191	468.672820512821				
	0	192	471.245982905983				
	0	193	473.819145299145				
	0	194	476.392307692308				
	0	195	478.96547008547				
	0	196	481.538632478633				
	0	197	484.111794871795				
	2	198	486.684957264957				
	0	199	489.25811965812				
	0	200	491.831282051282				
	0	201	494.404444444444				
	0	202	496.977606837607				
	0	203	499.550769230769				
	0	204	502.123931623932				
	0	205	504.697094017094				
	0	206	507.270256410256				
	0	207	509.843418803419				
	0	208	512.416581196581				
	0	209	514.989743589744				
	0	210	517.562905982906				
	0	211	520.136068376068				
	0	212	522.709230769231				
	0	213	525.282393162393				
	0	214	527.855555555556				
	0	215	530.428717948718				
	0	216	533.00188034188				
	0	217	535.575042735043				
	0	218	538.148205128205				
	0	219	540.721367521367				
	0	220	543.29452991453				
	0	221	545.867692307692				
	0	222	548.440854700855				
	0	223	551.014017094017				
	0	224	553.587179487179				
	0	225	556.160341880342				
	0	226	558.733504273504				
	0	227	561.306666666667				
	1	228	563.879829059829				
	0	229	566.452991452991				
	1	230	569.026153846154				
	0	231	571.599316239316				
	0	232	574.172478632479				
	0	233	576.745641025641				
	0	234	579.318803418803				
	0	235	581.891965811966				
	0	236	584.465128205128				
	0	237	587.038290598291				
	0	238	589.611452991453				
	1	239	592.184615384615				
	0	240	594.757777777778				
	0	241	597.33094017094				
	0	242	599.904102564102				
	0	243	602.477264957265				
	0	244	605.050427350427				
	0	245	607.62358974359				
	0	246	610.196752136752				
	0	247	612.769914529915				
	0	248	615.343076923077				
	0	249	617.916239316239				
	0	250	620.489401709402				
	0	251	623.062564102564				
	0	252	625.635726495726				
	0	253	628.208888888889				
	0	254	630.782051282051				
	0	255	633.355213675214				
	0	256	635.928376068376				
	1	257	638.501538461538				
	0	258	641.074700854701				
	0	259	643.647863247863				
	0	260	646.221025641026				
	1	261	648.794188034188				
	0	262	651.36735042735				
	0	263	653.940512820513				
	0	264	656.513675213675				
	0	265	659.086837606838				
	0	266	661.66				
	0	267	664.233162393162				
	0	268	666.806324786325				
	0	269	669.379487179487				
	0	270	671.95264957265				
	0	271	674.525811965812				
	0	272	677.098974358974				
	0	273	679.672136752137				
	0	274	682.245299145299				
	0	275	684.818461538462				
	0	276	687.391623931624				
	0	277	689.964786324786				
	0	278	692.537948717949				
	0	279	695.111111111111				
	0	280	697.684273504274				
	0	281	700.257435897436				
	0	282	702.830598290598				
	0	283	705.403760683761				
	0	284	707.976923076923				
	0	285	710.550085470085				
	0	286	713.123247863248				
	0	287	715.69641025641				
	0	288	718.269572649573				
	0	289	720.842735042735				
	0	290	723.415897435897				
	0	291	725.98905982906				
	0	292	728.562222222222				
	0	293	731.135384615385				
	0	294	733.708547008547				
	0	295	736.281709401709				
	0	296	738.854871794872				
	0	297	741.428034188034				
	0	298	744.001196581197				
	0	299	746.574358974359				
	0	300	749.147521367521				
	1	301	751.720683760684				
	0	302	754.293846153846				
	0	303	756.867008547008				
	0	304	759.440170940171				
	0	305	762.013333333333				
	0	306	764.586495726496				
	0	307	767.159658119658				
	0	308	769.73282051282				
	0	309	772.305982905983				
	0	310	774.879145299145				
	0	311	777.452307692308				
	0	312	780.02547008547				
	0	313	782.598632478632				
	0	314	785.171794871795				
	0	315	787.744957264957				
	0	316	790.31811965812				
	0	317	792.891282051282				
	0	318	795.464444444444				
	0	319	798.037606837607				
	0	320	800.610769230769				
	0	321	803.183931623932				
	0	322	805.757094017094				
	0	323	808.330256410256				
	0	324	810.903418803419				
	0	325	813.476581196581				
	0	326	816.049743589744				
	0	327	818.622905982906				
	0	328	821.196068376068				
	0	329	823.769230769231				
	0	330	826.342393162393				
	0	331	828.915555555556				
	0	332	831.488717948718				
	0	333	834.06188034188				
	0	334	836.635042735043				
	0	335	839.208205128205				
	0	336	841.781367521368				
	0	337	844.35452991453				
	0	338	846.927692307692				
	0	339	849.500854700855				
	0	340	852.074017094017				
	0	341	854.647179487179				
	0	342	857.220341880342				
	0	343	859.793504273504				
	0	344	862.366666666667				
	0	345	864.939829059829				
	0	346	867.512991452991				
	0	347	870.086153846154				
	0	348	872.659316239316				
	0	349	875.232478632479				
	0	350	877.805641025641				
	0	351	880.378803418803				
	0	352	882.951965811966				
	0	353	885.525128205128				
	0	354	888.098290598291				
	0	355	890.671452991453				
	0	356	893.244615384615				
	0	357	895.817777777778				
	0	358	898.39094017094				
	0	359	900.964102564103				
	0	360	903.537264957265				
	0	361	906.110427350427				
	0	362	908.68358974359				
	0	363	911.256752136752				
	0	364	913.829914529915				
	0	365	916.403076923077				
	0	366	918.976239316239				
	1	367	921.549401709402				
	0	368	924.122564102564				
	0	369	926.695726495726				
	0	370	929.268888888889				
	0	371	931.842051282051				
	0	372	934.415213675214				
	0	373	936.988376068376				
	0	374	939.561538461538				
	0	375	942.134700854701				
	0	376	944.707863247863				
	0	377	947.281025641026				
	0	378	949.854188034188				
	0	379	952.42735042735				
	0	380	955.000512820513				
	0	381	957.573675213675				
	0	382	960.146837606838				
	0	383	962.72				
	0	384	965.293162393162				
	0	385	967.866324786325				
	0	386	970.439487179487				
	0	387	973.01264957265				
	0	388	975.585811965812				
	0	389	978.158974358974				
	0	390	980.732136752137				
	0	391	983.305299145299				
	0	392	985.878461538462				
	0	393	988.451623931624				
	0	394	991.024786324786				
	0	395	993.597948717949				
	0	396	996.171111111111				
	0	397	998.744273504273				
	0	398	1001.31743589744				
	1	399	1003.8905982906				
	0	400	1006.46376068376				
	0	401	1009.03692307692				
	0	402	1011.61008547009				
	0	403	1014.18324786325				
	0	404	1016.75641025641				
	0	405	1019.32957264957				
	0	406	1021.90273504274				
	0	407	1024.4758974359				
	0	408	1027.04905982906				
	0	409	1029.62222222222				
	0	410	1032.19538461538				
	0	411	1034.76854700855				
	0	412	1037.34170940171				
	0	413	1039.91487179487				
	0	414	1042.48803418803				
	0	415	1045.0611965812				
	0	416	1047.63435897436				
	0	417	1050.20752136752				
	0	418	1052.78068376068				
	0	419	1055.35384615385				
	0	420	1057.92700854701				
	0	421	1060.50017094017				
	0	422	1063.07333333333				
	0	423	1065.6464957265				
	0	424	1068.21965811966				
	0	425	1070.79282051282				
	0	426	1073.36598290598				
	0	427	1075.93914529915				
	0	428	1078.51230769231				
	0	429	1081.08547008547				
	0	430	1083.65863247863				
	1	431	1086.23179487179				
	0	432	1088.80495726496				
	0	433	1091.37811965812				
	0	434	1093.95128205128				
	0	435	1096.52444444444				
	0	436	1099.09760683761				
	0	437	1101.67076923077				
	1	438	1104.24393162393				
	0	439	1106.81709401709				
	0	440	1109.39025641026				
	0	441	1111.96341880342				
	0	442	1114.53658119658				
	0	443	1117.10974358974				
	0	444	1119.68290598291				
	0	445	1122.25606837607				
	0	446	1124.82923076923				
	0	447	1127.40239316239				
	0	448	1129.97555555556				
	0	449	1132.54871794872				
	0	450	1135.12188034188				
	0	451	1137.69504273504				
	0	452	1140.26820512821				
	0	453	1142.84136752137				
	0	454	1145.41452991453				
	0	455	1147.98769230769				
	0	456	1150.56085470085				
	0	457	1153.13401709402				
	0	458	1155.70717948718				
	0	459	1158.28034188034				
	0	460	1160.8535042735				
	0	461	1163.42666666667				
	0	462	1165.99982905983				
	0	463	1168.57299145299				
	0	464	1171.14615384615				
	0	465	1173.71931623932				
	0	466	1176.29247863248				
	0	467	1178.86564102564				
	0	468	1181.4388034188				
	0	469	1184.01196581197				
	0	470	1186.58512820513				
	0	471	1189.15829059829				
	0	472	1191.73145299145				
	0	473	1194.30461538462				
	0	474	1196.87777777778				
	0	475	1199.45094017094				
	0	476	1202.0241025641				
	0	477	1204.59726495727				
	0	478	1207.17042735043				
	0	479	1209.74358974359				
	0	480	1212.31675213675				
	0	481	1214.88991452991				
	0	482	1217.46307692308				
	0	483	1220.03623931624				
	0	484	1222.6094017094				
	0	485	1225.18256410256				
	0	486	1227.75572649573				
	0	487	1230.32888888889				
	0	488	1232.90205128205				
	0	489	1235.47521367521				
	0	490	1238.04837606838				
	0	491	1240.62153846154				
	0	492	1243.1947008547				
	0	493	1245.76786324786				
	1	494	1248.34102564103				
	0	495	1250.91418803419				
	0	496	1253.48735042735				
	0	497	1256.06051282051				
	0	498	1258.63367521368				
	0	499	1261.20683760684				
	0	500	1263.78				
	0	501	1266.35316239316				
	0	502	1268.92632478632				
	0	503	1271.49948717949				
	0	504	1274.07264957265				
	0	505	1276.64581196581				
	1	506	1279.21897435897				
	0	507	1281.79213675214				
	0	508	1284.3652991453				
	0	509	1286.93846153846				
	0	510	1289.51162393162				
	8	511	1292.08478632479				
MIN=0	0	0	0	0	-10	0	0
MAX=100	21.5443469003188	511	1292.08478632479	1000	10	1	2000
SCALE=100	5	100	500	500	5	0.5	500
DEC=0	0	0	1	0	2	0	0
DEF="Time" t / s	"Events" N_A	"Channel" n_A	"Energy" E_A / keV	"Rate" R_A / 1/s	"Voltage" U_B1 / V	"Voltage source" S_1	"Voltage" U_A / V
0	0	0	-22.8011965811966		0.01	1	590.1796875
0.999	0	1	-20.2280341880342	3.01121708476245	0.01	1	590.1796875
2	0	2	-17.6548717948718	4.44343183570055	0.01	1	590.1796875
3.001	0	3	-15.0817094017094	5.54538962406584	0.02	1	590.1796875
4.003	0	4	-12.508547008547	13.3042767928178	0.01	1	590.567708333333
5	0	5	-9.93538461538461	6.01846344214782	0.015	1	590.567708333333
5.999	0	6	-7.36222222222222	9.98808975785763	0.02	1	590.567708333333
7	0	7	-4.78905982905983	9.01341285967649	0.015	1	590.567708333333
8	1	8	-2.21589743589744	8.87382901506932	0.01	1	590.1796875
8.999	1	9	0.357264957264952	2.22219456824537	0.015	1	590.567708333333
9.999	3	10	2.93042735042735	8.88858667694187	0.015	1	590.955729166667
11	2	11	5.50358974358974	8.00285381767138	0.015	1	590.1796875
11.999	3	12	8.07675213675213	4.0061775257447	0.01	1	590.567708333333
13	6	13	10.6499145299145	9.98116554062484	0.005	1	590.567708333333
13.999	6	14	13.2230769230769	10.018625626903	0.005	1	590.1796875
14.999	1	15	15.7962393162393	6.65276829450297	0.015	1	590.1796875
16	3	16	18.3694017094017	12.0005436246262	0.02	1	590.567708333333
16.999	1	17	20.9425641025641	8.01409117651567	0.015	1	590.1796875
17.999	9	18	23.5157264957265	5.55407878771789	0.015	1	591.34375
18.999	7	19	26.0888888888889	5.98411218215638	0.005	1	591.34375
19.999	4	20	28.6620512820513	12.0324913363556	0.015	1	590.1796875
20.999	5	21	31.2352136752137	6.66378346968545	0.01	1	590.1796875
22	5	22	33.8083760683761	7.76748585901458	0.02	1	591.34375
22.999	6	23	36.3815384615385	4.43282600747884	0.02	1	590.567708333333
23.999	10	24	38.9547008547009	10.0352800304751	0.015	1	590.1796875
24.999	4	25	41.5278632478633	10.0045090322208	0	1	590.1796875
25.999	4	26	44.1010256410256	6.98868113203855	0.01	1	590.1796875
26.999	1	27	46.674188034188	11.0160702432709	0.015	1	590.955729166667
28	9	28	49.2473504273504	7.77532509467291	0.01	1	590.567708333333
28.999	4	29	51.8205128205128	8.84791224109765	0.01	1	590.1796875
29.999	6	30	54.3936752136752	11.0524405145092	0.01	1	590.1796875
31	11	31	56.9668376068376	8.86808534600997	0.005	1	590.955729166667
31.999	7	32	59.54	8.00270251263852	0.015	1	590.567708333333
32.999	8	33	62.1131623931624	12.0205912728504	0.01	1	591.34375
33.999	5	34	64.6863247863248	8.87879172962747	0.015	1	590.567708333333
35	5	35	67.2594871794872	3.33234732878483	0.015	1	590.1796875
35.999	6	36	69.8326495726496	16.6393540913343	0.015	1	590.1796875
36.999	5	37	72.405811965812	8.01626259192023	0.015	1	590.1796875
37.999	11	38	74.9789743589744	3.32873745648508	0.015	1	590.1796875
38.999	7	39	77.5521367521367	8.88264340361577	0.005	1	590.1796875
40	7	40	80.1252991452992	13.0158285490986	0.01	1	590.1796875
41	4	41	82.6984615384615	10.0044699971947	0.015	1	590.1796875
42	8	42	85.2716239316239	9.98288157651441	0.015	1	590.1796875
42.999	7	43	87.8447863247863	8.0120148174202	0.02	1	591.34375
44	6	44	90.4179487179487	6.65408379421181	0.02	1	590.567708333333
45	5	45	92.9911111111111	5.00513226262209	0.005	1	590.1796875
45.999	6	46	95.5642735042735	11.0089183247349	0.015	1	590.567708333333
47	5	47	98.1374358974359	8.99946903132715	0.015	1	590.567708333333
47.999	2	48	100.710598290598	8.8710423230776	0.015	1	590.567708333333
48.999	4	49	103.283760683761	6.65224386283384	0.01	1	590.1796875
50	6	50	105.856923076923	6.02354483203948	0.005	1	590.1796875
51	8	51	108.430085470085	15.5291353199978	0.005	1	590.567708333333
52	4	52	111.003247863248	11.1065685245846	0.005	1	590.1796875
52.999	2	53	113.57641025641	7.77546069049201	0.01	1	590.955729166667
54	7	54	116.149572649573	5.54935261252422	0.005	1	590.1796875
55	9	55	118.722735042735	6.99996640016128	0.015	1	590.567708333333
56	4	56	121.295897435897	12.0134911505621	0.01	1	590.1796875
57	6	57	123.86905982906	14.2949918925404	0.015	1	591.731770833333
57.999	3	58	126.442222222222	4.03993312294708	0.015	1	591.34375
58.999	5	59	129.015384615385	6.00174530753543	0.02	1	590.567708333333
59.999	2	60	131.588547008547	3.99910460047995	0.015	1	590.1796875
60.999	0	61	134.161709401709	14.4415224430701	0.015	1	590.1796875
61.999	10	62	136.734871794872	9.99120873543369	0.005	1	590.1796875
62.999	4	63	139.308034188034	9.99311918226972	0.02	1	590.567708333333
63.999	6	64	141.881196581197	14.0024420258893	0.03	1	590.567708333333
64.999	2	65	144.454358974359	15.0256623286912	0.01	1	590.1796875
66	2	66	147.027521367521	9.99539878475942	0.015	1	590.567708333333
66.999	4	67	149.600683760684	4.4440726237016	0.005	1	590.567708333333
68	7	68	152.173846153846	7.0018015635423	0.015	1	590.567708333333
69	3	69	154.747008547009	7.77470072400235	0.005	1	590.1796875
70	4	70	157.320170940171	5.55531112186619	0.01	1	590.1796875
70.999	3	71	159.893333333333	8.00519777491525	0.015	1	590.1796875
71.999	3	72	162.466495726496	5.54372708985484	0.01	1	590.1796875
73	3	73	165.039658119658	6.65231245468112	0.005	1	590.1796875
73.999	4	74	167.612820512821	8.88561108568839	0.015	1	590.1796875
74.999	5	75	170.185982905983	11.0144266960865	0.015	1	590.955729166667
76	9	76	172.759145299145	5.54944561593241	0.005	1	590.1796875
76.999	2	77	175.332307692308	7.77761185539153	0.005	1	590.567708333333
78	4	78	177.90547008547	9.01743340399995	0.01	1	590.1796875
79	2	79	180.478632478632	8.88730497364692	0.005	1	590.1796875
79.999	5	80	183.051794871795	8.88833386181885	0.015	1	591.34375
81	4	81	185.624957264957	11.0903216869799	0.005	1	590.1796875
82	6	82	188.19811965812	12.0208248770169	0.01	1	590.1796875
82.999	2	83	190.771282051282	7.0007966906634	0.01	1	591.34375
84	0	84	193.344444444444	8.86866537561071	0.01	1	590.1796875
85	5	85	195.917606837607	6.01071951718695	0.01	1	590.567708333333
86	3	86	198.490769230769	6.65792333379088	0.01	1	590.1796875
86.999	2	87	201.063931623932	5.55454956491213	0.015	1	590.567708333333
88	0	88	203.637094017094	6.00303453395692	0.01	1	590.567708333333
88.999	2	89	206.210256410256	9.99750173539968	0.015	1	590.1796875
90	3	90	208.783418803419	5.54611237488525	0.01	1	590.567708333333
90.999	2	91	211.356581196581	11.9990268789201	0.015	1	590.955729166667
92	3	92	213.929743589744	14.031320714098	0.015	1	590.1796875
93	3	93	216.502905982906	12.2086976982165	0.01	1	591.34375
94	2	94	219.076068376068	8.88833781194455	0.005	1	590.1796875
94.999	0	95	221.649230769231	6.00433332736236	0.015	1	590.567708333333
95.999	1	96	224.222393162393	11.0960907029962	0.02	1	590.1796875
97	5	97	226.795555555556	6.00206891315437	0.005	1	590.1796875
98	3	98	229.368717948718	5.55264535243029	0.015	1	590.1796875
99	3	99	231.94188034188	8.00629454877425	0.02	1	590.567708333333
	1	100	234.515042735043				
	1	101	237.088205128205				
	2	102	239.661367521368				
	3	103	242.23452991453				
	7	104	244.807692307692				
	3	105	247.380854700855				
	3	106	249.954017094017				
	1	107	252.527179487179				
	3	108	255.100341880342				
	0	109	257.673504273504				
	1	110	260.246666666667				
	1	111	262.819829059829				
	1	112	265.392991452991				
	0	113	267.966153846154				
	1	114	270.539316239316				
	2	115	273.112478632479				
	3	116	275.685641025641				
	1	117	278.258803418803				
	1	118	280.831965811966				
	5	119	283.405128205128				
	1	120	285.978290598291				
	2	121	288.551452991453				
	3	122	291.124615384615				
	1	123	293.697777777778				
	2	124	296.27094017094				
	2	125	298.844102564103				
	2	126	301.417264957265				
	3	127	303.990427350427				
	1	128	306.56358974359				
	2	129	309.136752136752				
	3	130	311.709914529915				
	0	131	314.283076923077				
	1	132	316.856239316239				
	1	133	319.429401709402				
	2	134	322.002564102564				
	6	135	324.575726495727				
	3	136	327.148888888889				
	1	137	329.722051282051				
	4	138	332.295213675214				
	1	139	334.868376068376				
	1	140	337.441538461538				
	1	141	340.014700854701				
	5	142	342.587863247863				
	1	143	345.161025641026				
	2	144	347.734188034188				
	3	145	350.30735042735				
	0	146	352.880512820513				
	1	147	355.453675213675				
	3	148	358.026837606838				
	1	149	360.6				
	1	150	363.173162393162				
	1	151	365.746324786325				
	2	152	368.319487179487				
	3	153	370.89264957265				
	2	154	373.465811965812				
	2	155	376.038974358974				
	1	156	378.612136752137				
	0	157	381.185299145299				
	2	158	383.758461538462				
	2	159	386.331623931624				
	1	160	388.904786324786				
	3	161	391.477948717949				
	2	162	394.051111111111				
	3	163	396.624273504274				
	0	164	399.197435897436				
	0	165	401.770598290598				
	2	166	404.343760683761				
	1	167	406.916923076923				
	3	168	409.490085470086				
	0	169	412.063247863248				
	3	170	414.63641025641				
	3	171	417.209572649573				
	2	172	419.782735042735				
	3	173	422.355897435897				
	1	174	424.92905982906				
	2	175	427.502222222222				
	1	176	430.075384615385				
	2	177	432.648547008547				
	1	178	435.221709401709				
	1	179	437.794871794872				
	1	180	440.368034188034				
	1	181	442.941196581197				
	2	182	445.514358974359				
	3	183	448.087521367521				
	1	184	450.660683760684				
	0	185	453.233846153846				
	0	186	455.807008547009				
	1	187	458.380170940171				
	1	188	460.953333333333				
	2	189	463.526495726496				
	0	190	466.099658119658				
	1	191	468.672820512821				
	3	192	471.245982905983				
	1	193	473.819145299145				
	1	194	476.392307692308				
	3	195	478.96547008547				
	1	196	481.538632478633				
	0	197	484.111794871795				
	5	198	486.684957264957				
	2	199	489.25811965812				
	1	200	491.831282051282				
	2	201	494.404444444444				
	0	202	496.977606837607				
	0	203	499.550769230769				
	2	204	502.123931623932				
	3	205	504.697094017094				
	1	206	507.270256410256				
	2	207	509.843418803419				
	2	208	512.416581196581				
	2	209	514.989743589744				
	4	210	517.562905982906				
	0	211	520.136068376068				
	1	212	522.709230769231				
	0	213	525.282393162393				
	1	214	527.855555555556				
	1	215	530.428717948718				
	1	216	533.00188034188				
	1	217	535.575042735043				
	0	218	538.148205128205				
	0	219	540.721367521367				
	2	220	543.29452991453				
	1	221	545.867692307692				
	3	222	548.440854700855				
	2	223	551.014017094017				
	0	224	553.587179487179				
	1	225	556.160341880342				
	2	226	558.733504273504				
	0	227	561.306666666667				
	1	228	563.879829059829				
	0	229	566.452991452991				
	0	230	569.026153846154				
	2	231	571.599316239316				
	2	232	574.172478632479				
	1	233	576.745641025641				
	1	234	579.318803418803				
	0	235	581.891965811966				
	1	236	584.465128205128				
	1	237	587.038290598291				
	1	238	589.611452991453				
	0	239	592.184615384615				
	0	240	594.757777777778				
	2	241	597.33094017094				
	1	242	599.904102564102				
	0	243	602.477264957265				
	0	244	605.050427350427				
	0	245	607.62358974359				
	1	246	610.196752136752				
	0	247	612.769914529915				
	1	248	615.343076923077				
	0	249	617.916239316239				
	3	250	620.489401709402				
	1	251	623.062564102564				
	1	252	625.635726495726				
	1	253	628.208888888889				
	0	254	630.782051282051				
	4	255	633.355213675214				
	4	256	635.928376068376				
	1	257	638.501538461538				
	2	258	641.074700854701				
	1	259	643.647863247863				
	1	260	646.221025641026				
	0	261	648.794188034188				
	1	262	651.36735042735				
	1	263	653.940512820513				
	0	264	656.513675213675				
	1	265	659.086837606838				
	1	266	661.66				
	0	267	664.233162393162				
	0	268	666.806324786325				
	0	269	669.379487179487				
	1	270	671.95264957265				
	2	271	674.525811965812				
	0	272	677.098974358974				
	1	273	679.672136752137				
	1	274	682.245299145299				
	2	275	684.818461538462				
	0	276	687.391623931624				
	0	277	689.964786324786				
	0	278	692.537948717949				
	0	279	695.111111111111				
	0	280	697.684273504274				
	1	281	700.257435897436				
	3	282	702.830598290598				
	1	283	705.403760683761				
	0	284	707.976923076923				
	2	285	710.550085470085				
	1	286	713.123247863248				
	1	287	715.69641025641				
	0	288	718.269572649573				
	1	289	720.842735042735				
	2	290	723.415897435897				
	1	291	725.98905982906				
	1	292	728.562222222222				
	0	293	731.135384615385				
	2	294	733.708547008547				
	1	295	736.281709401709				
	0	296	738.854871794872				
	1	297	741.428034188034				
	1	298	744.001196581197				
	0	299	746.574358974359				
	1	300	749.147521367521				
	3	301	751.720683760684				
	1	302	754.293846153846				
	0	303	756.867008547008				
	1	304	759.440170940171				
	2	305	762.013333333333				
	0	306	764.586495726496				
	1	307	767.159658119658				
	0	308	769.73282051282				
	3	309	772.305982905983				
	0	310	774.879145299145				
	0	311	777.452307692308				
	0	312	780.02547008547				
	0	313	782.598632478632				
	0	314	785.171794871795				
	0	315	787.744957264957				
	0	316	790.31811965812				
	0	317	792.891282051282				
	2	318	795.464444444444				
	0	319	798.037606837607				
	0	320	800.610769230769				
	1	321	803.183931623932				
	0	322	805.757094017094				
	0	323	808.330256410256				
	0	324	810.903418803419				
	1	325	813.476581196581				
	1	326	816.049743589744				
	0	327	818.622905982906				
	1	328	821.196068376068				
	1	329	823.769230769231				
	0	330	826.342393162393				
	1	331	828.915555555556				
	0	332	831.488717948718				
	1	333	834.06188034188				
	0	334	836.635042735043				
	1	335	839.208205128205				
	0	336	841.781367521368				
	1	337	844.35452991453				
	0	338	846.927692307692				
	0	339	849.500854700855				
	0	340	852.074017094017				
	0	341	854.647179487179				
	1	342	857.220341880342				
	0	343	859.793504273504				
	1	344	862.366666666667				
	1	345	864.939829059829				
	2	346	867.512991452991				
	1	347	870.086153846154				
	1	348	872.659316239316				
	1	349	875.232478632479				
	2	350	877.805641025641				
	1	351	880.378803418803				
	2	352	882.951965811966				
	0	353	885.525128205128				
	1	354	888.098290598291				
	0	355	890.671452991453				
	0	356	893.244615384615				
	1	357	895.817777777778				
	0	358	898.39094017094				
	0	359	900.964102564103				
	1	360	903.537264957265				
	0	361	906.110427350427				
	0	362	908.68358974359				
	0	363	911.256752136752				
	0	364	913.829914529915				
	0	365	916.403076923077				
	0	366	918.976239316239				
	1	367	921.549401709402				
	1	368	924.122564102564				
	1	369	926.695726495726				
	0	370	929.268888888889				
	0	371	931.842051282051				
	0	372	934.415213675214				
	0	373	936.988376068376				
	1	374	939.561538461538				
	0	375	942.134700854701				
	1	376	944.707863247863				
	1	377	947.281025641026				
	1	378	949.854188034188				
	0	379	952.42735042735				
	0	380	955.000512820513				
	0	381	957.573675213675				
	2	382	960.146837606838				
	0	383	962.72				
	0	384	965.293162393162				
	1	385	967.866324786325				
	1	386	970.439487179487				
	0	387	973.01264957265				
	0	388	975.585811965812				
	0	389	978.158974358974				
	1	390	980.732136752137				
	0	391	983.305299145299				
	2	392	985.878461538462				
	0	393	988.451623931624				
	0	394	991.024786324786				
	0	395	993.597948717949				
	0	396	996.171111111111				
	0	397	998.744273504273				
	0	398	1001.31743589744				
	0	399	1003.8905982906				
	1	400	1006.46376068376				
	0	401	1009.03692307692				
	0	402	1011.61008547009				
	0	403	1014.18324786325				
	0	404	1016.75641025641				
	1	405	1019.32957264957				
	0	406	1021.90273504274				
	1	407	1024.4758974359				
	2	408	1027.04905982906				
	0	409	1029.62222222222				
	0	410	1032.19538461538				
	0	411	1034.76854700855				
	0	412	1037.34170940171				
	0	413	1039.91487179487				
	0	414	1042.48803418803				
	1	415	1045.0611965812				
	1	416	1047.63435897436				
	0	417	1050.20752136752				
	1	418	1052.78068376068				
	0	419	1055.35384615385				
	0	420	1057.92700854701				
	2	421	1060.50017094017				
	1	422	1063.07333333333				
	0	423	1065.6464957265				
	1	424	1068.21965811966				
	0	425	1070.79282051282				
	0	426	1073.36598290598				
	0	427	1075.93914529915				
	0	428	1078.51230769231				
	0	429	1081.08547008547				
	1	430	1083.65863247863				
	0	431	1086.23179487179				
	0	432	1088.80495726496				
	1	433	1091.37811965812				
	0	434	1093.95128205128				
	1	435	1096.52444444444				
	1	436	1099.09760683761				
	0	437	1101.67076923077				
	0	438	1104.24393162393				
	0	439	1106.81709401709				
	0	440	1109.39025641026				
	0	441	1111.96341880342				
	0	442	1114.53658119658				
	0	443	1117.10974358974				
	0	444	1119.68290598291				
	0	445	1122.25606837607				
	0	446	1124.82923076923				
	0	447	1127.40239316239				
	0	448	1129.97555555556				
	1	449	1132.54871794872				
	0	450	1135.12188034188				
	0	451	1137.69504273504				
	0	452	1140.26820512821				
	0	453	1142.84136752137				
	0	454	1145.41452991453				
	0	455	1147.98769230769				
	0	456	1150.56085470085				
	0	457	1153.13401709402				
	0	458	1155.70717948718				
	0	459	1158.28034188034				
	0	460	1160.8535042735				
	0	461	1163.42666666667				
	0	462	1165.99982905983				
	0	463	1168.57299145299				
	0	464	1171.14615384615				
	0	465	1173.71931623932				
	0	466	1176.29247863248				
	0	467	1178.86564102564				
	0	468	1181.4388034188				
	0	469	1184.01196581197				
	1	470	1186.58512820513				
	0	471	1189.15829059829				
	0	472	1191.73145299145				
	0	473	1194.30461538462				
	0	474	1196.87777777778				
	0	475	1199.45094017094				
	0	476	1202.0241025641				
	0	477	1204.59726495727				
	0	478	1207.17042735043				
	0	479	1209.74358974359				
	0	480	1212.31675213675				
	0	481	1214.88991452991				
	0	482	1217.46307692308				
	0	483	1220.03623931624				
	0	484	1222.6094017094				
	0	485	1225.18256410256				
	0	486	1227.75572649573				
	1	487	1230.32888888889				
	0	488	1232.90205128205				
	1	489	1235.47521367521				
	1	490	1238.04837606838				
	1	491	1240.62153846154				
	1	492	1243.1947008547				
	1	493	1245.76786324786				
	0	494	1248.34102564103				
	0	495	1250.91418803419				
	0	496	1253.48735042735				
	0	497	1256.06051282051				
	0	498	1258.63367521368				
	0	499	1261.20683760684				
	0	500	1263.78				
	0	501	1266.35316239316				
	0	502	1268.92632478632				
	0	503	1271.49948717949				
	0	504	1274.07264957265				
	0	505	1276.64581196581				
	0	506	1279.21897435897				
	0	507	1281.79213675214				
	0	508	1284.3652991453				
	0	509	1286.93846153846				
	1	510	1289.51162393162				
	50	511	1292.08478632479				
