MIN=0	0	0	0
MAX=20	21.5443469003188	511	1574.34715789474
SCALE=20	5	100	500
DEC=1	0	0	1
DEF="Time" t / s	"Events" N_A	"Channel" n_A	"Energy" E_A / keV
0	0	0	-45.0387368421053
0.1	0	1	-41.8696842105264
0.199	0	2	-38.7006315789473
0.299	0	3	-35.5315789473684
0.4	0	4	-32.3625263157895
0.499	0	5	-29.1934736842106
0.6	0	6	-26.0244210526316
0.7	0	7	-22.8553684210526
0.8	1	8	-19.6863157894737
0.9	1	9	-16.5172631578948
0.999	0	10	-13.3482105263158
1.1	1	11	-10.1791578947369
1.199	0	12	-7.01010526315793
1.299	2	13	-3.84105263157892
1.399	1	14	-0.672000000000025
1.499	6	15	2.49705263157887
1.599	0	16	5.66610526315787
1.699	2	17	8.83515789473677
1.799	3	18	12.0042105263158
1.899	5	19	15.1732631578948
1.999	5	20	18.3423157894737
2.099	6	21	21.5113684210526
2.199	3	22	24.6804210526316
2.299	3	23	27.8494736842105
2.399	3	24	31.0185263157895
2.499	2	25	34.1875789473684
2.599	10	26	37.3566315789474
2.7	5	27	40.5256842105263
2.799	2	28	43.6947368421053
2.9	9	29	46.8637894736842
2.999	4	30	50.0328421052631
3.099	9	31	53.2018947368421
3.199	8	32	56.3709473684211
3.299	9	33	59.54
3.399	9	34	62.7090526315789
3.499	6	35	65.8781052631579
3.599	13	36	69.0471578947368
3.699	7	37	72.2162105263158
3.799	9	38	75.3852631578948
3.899	8	39	78.5543157894737
4	2	40	81.7233684210526
4.1	6	41	84.8924210526316
4.2	5	42	88.0614736842105
4.3	10	43	91.2305263157895
4.4	6	44	94.3995789473684
4.501	10	45	97.5686315789474
4.601	6	46	100.737684210526
4.7	6	47	103.906736842105
4.801	4	48	107.075789473684
4.9	9	49	110.244842105263
5	7	50	113.413894736842
5.1	5	51	116.582947368421
5.2	4	52	119.752
5.301	6	53	122.921052631579
5.4	8	54	126.090105263158
5.5	9	55	129.259157894737
5.6	9	56	132.428210526316
5.699	7	57	135.597263157895
5.799	1	58	138.766315789474
5.9	5	59	141.935368421053
5.999	2	60	145.104421052632
6.099	2	61	148.27347368421
6.199	5	62	151.442526315789
6.3	3	63	154.611578947368
6.399	5	64	157.780631578947
6.499	5	65	160.949684210526
6.6	0	66	164.118736842105
6.699	4	67	167.287789473684
6.799	3	68	170.456842105263
6.901	3	69	173.625894736842
7	3	70	176.794947368421
7.1	6	71	179.964
7.199	5	72	183.133052631579
7.299	5	73	186.302105263158
7.399	1	74	189.471157894737
7.499	3	75	192.640210526316
7.599	3	76	195.809263157895
7.7	5	77	198.978315789474
7.799	5	78	202.147368421053
7.899	3	79	205.316421052632
8	6	80	208.48547368421
8.1	1	81	211.65452631579
8.2	0	82	214.823578947368
8.3	2	83	217.992631578947
8.4	2	84	221.161684210526
8.5	3	85	224.330736842105
8.6	3	86	227.499789473684
8.7	5	87	230.668842105263
8.8	1	88	233.837894736842
8.901	2	89	237.006947368421
8.999	0	90	240.176
9.099	0	91	243.345052631579
9.199	1	92	246.514105263158
9.3	0	93	249.683157894737
9.4	0	94	252.852210526316
9.499	2	95	256.021263157895
9.599	1	96	259.190315789474
9.699	2	97	262.359368421053
9.799	2	98	265.528421052632
9.899	1	99	268.69747368421
9.999	3	100	271.866526315789
10.1	2	101	275.035578947368
10.2	1	102	278.204631578947
10.3	2	103	281.373684210526
10.4	1	104	284.542736842105
10.501	1	105	287.711789473684
10.601	1	106	290.880842105263
10.7	0	107	294.049894736842
10.8	2	108	297.218947368421
10.9	1	109	300.388
10.999	2	110	303.557052631579
11.099	0	111	306.726105263158
11.2	2	112	309.895157894737
11.299	1	113	313.064210526316
11.399	1	114	316.233263157895
11.499	1	115	319.402315789474
11.6	1	116	322.571368421053
11.699	1	117	325.740421052632
11.799	1	118	328.909473684211
11.899	0	119	332.078526315789
11.999	1	120	335.247578947368
12.099	2	121	338.416631578947
12.2	1	122	341.585684210526
12.299	1	123	344.754736842105
12.399	1	124	347.923789473684
12.5	1	125	351.092842105263
12.599	0	126	354.261894736842
12.699	3	127	357.430947368421
12.8	1	128	360.6
12.9	0	129	363.769052631579
13	0	130	366.938105263158
13.1	0	131	370.107157894737
13.2	0	132	373.276210526316
13.3	0	133	376.445263157895
13.4	0	134	379.614315789474
13.499	0	135	382.783368421053
13.599	1	136	385.952421052632
13.699	1	137	389.121473684211
13.799	0	138	392.290526315789
13.899	0	139	395.459578947368
13.999	0	140	398.628631578947
14.1	1	141	401.797684210526
14.201	1	142	404.966736842105
14.3	0	143	408.135789473684
14.399	0	144	411.304842105263
14.499	0	145	414.473894736842
14.6	0	146	417.642947368421
14.7	0	147	420.812
14.8	1	148	423.981052631579
14.9	0	149	427.150105263158
15	0	150	430.319157894737
15.1	0	151	433.488210526316
15.199	1	152	436.657263157895
15.299	0	153	439.826315789474
15.4	0	154	442.995368421053
15.499	0	155	446.164421052632
15.599	0	156	449.333473684211
15.699	0	157	452.502526315789
15.799	1	158	455.671578947368
15.9	0	159	458.840631578947
15.999	0	160	462.009684210526
16.099	0	161	465.178736842105
16.2	0	162	468.347789473684
16.3	0	163	471.516842105263
16.4	0	164	474.685894736842
16.501	1	165	477.854947368421
16.6	0	166	481.024
16.7	0	167	484.193052631579
16.801	0	168	487.362105263158
16.9	2	169	490.531157894737
17	0	170	493.700210526316
17.1	1	171	496.869263157895
17.2	0	172	500.038315789474
17.301	2	173	503.207368421053
17.399	0	174	506.376421052632
17.499	0	175	509.54547368421
17.602	1	176	512.71452631579
17.699	1	177	515.883578947368
17.799	1	178	519.052631578947
17.9	1	179	522.221684210526
18	0	180	525.390736842105
18.1	0	181	528.559789473684
18.2	0	182	531.728842105263
18.3	1	183	534.897894736842
18.401	0	184	538.066947368421
18.501	1	185	541.236
18.6	0	186	544.405052631579
18.7	1	187	547.574105263158
18.8	0	188	550.743157894737
18.901	1	189	553.912210526316
19	0	190	557.081263157895
19.1	0	191	560.250315789474
19.199	0	192	563.419368421053
19.3	0	193	566.588421052632
19.4	0	194	569.75747368421
19.501	0	195	572.926526315789
19.6	1	196	576.095578947368
19.701	0	197	579.264631578947
19.799	1	198	582.433684210526
19.899	0	199	585.602736842105
19.999	0	200	588.771789473684
	0	201	591.940842105263
	0	202	595.109894736842
	0	203	598.278947368421
	0	204	601.448
	1	205	604.617052631579
	0	206	607.786105263158
	1	207	610.955157894737
	0	208	614.124210526316
	0	209	617.293263157895
	0	210	620.462315789474
	0	211	623.631368421053
	0	212	626.800421052632
	0	213	629.96947368421
	1	214	633.138526315789
	1	215	636.307578947368
	1	216	639.476631578947
	1	217	642.645684210526
	1	218	645.814736842105
	0	219	648.983789473684
	0	220	652.152842105263
	1	221	655.321894736842
	0	222	658.490947368421
	0	223	661.66
	0	224	664.829052631579
	0	225	667.998105263158
	0	226	671.167157894737
	0	227	674.336210526316
	0	228	677.505263157895
	0	229	680.674315789474
	0	230	683.843368421053
	0	231	687.012421052632
	0	232	690.18147368421
	0	233	693.350526315789
	0	234	696.519578947368
	0	235	699.688631578947
	0	236	702.857684210526
	0	237	706.026736842105
	1	238	709.195789473684
	0	239	712.364842105263
	0	240	715.533894736842
	0	241	718.702947368421
	1	242	721.872
	0	243	725.041052631579
	0	244	728.210105263158
	0	245	731.379157894737
	0	246	734.548210526316
	0	247	737.717263157895
	0	248	740.886315789474
	0	249	744.055368421053
	0	250	747.224421052632
	0	251	750.39347368421
	1	252	753.562526315789
	0	253	756.731578947368
	0	254	759.900631578947
	1	255	763.069684210526
	0	256	766.238736842105
	0	257	769.407789473684
	0	258	772.576842105263
	0	259	775.745894736842
	1	260	778.914947368421
	0	261	782.084
	0	262	785.253052631579
	0	263	788.422105263158
	0	264	791.591157894737
	0	265	794.760210526316
	0	266	797.929263157895
	0	267	801.098315789474
	0	268	804.267368421053
	0	269	807.436421052632
	1	270	810.60547368421
	0	271	813.774526315789
	1	272	816.943578947368
	0	273	820.112631578947
	0	274	823.281684210526
	0	275	826.450736842105
	0	276	829.619789473684
	0	277	832.788842105263
	0	278	835.957894736842
	0	279	839.126947368421
	1	280	842.296
	0	281	845.465052631579
	0	282	848.634105263158
	1	283	851.803157894737
	0	284	854.972210526316
	0	285	858.141263157895
	0	286	861.310315789474
	0	287	864.479368421053
	1	288	867.648421052632
	0	289	870.81747368421
	0	290	873.986526315789
	0	291	877.155578947368
	1	292	880.324631578947
	0	293	883.493684210526
	1	294	886.662736842105
	0	295	889.831789473684
	0	296	893.000842105263
	0	297	896.169894736842
	2	298	899.338947368421
	0	299	902.508
	0	300	905.677052631579
	0	301	908.846105263158
	0	302	912.015157894737
	0	303	915.184210526316
	0	304	918.353263157895
	0	305	921.522315789474
	0	306	924.691368421053
	0	307	927.860421052632
	0	308	931.02947368421
	1	309	934.198526315789
	1	310	937.367578947368
	0	311	940.536631578947
	1	312	943.705684210526
	1	313	946.874736842105
	0	314	950.043789473684
	0	315	953.212842105263
	0	316	956.381894736842
	0	317	959.550947368421
	0	318	962.72
	0	319	965.889052631579
	0	320	969.058105263158
	0	321	972.227157894737
	0	322	975.396210526316
	0	323	978.565263157895
	0	324	981.734315789474
	0	325	984.903368421053
	0	326	988.072421052632
	0	327	991.241473684211
	0	328	994.410526315789
	0	329	997.579578947368
	1	330	1000.74863157895
	0	331	1003.91768421053
	0	332	1007.08673684211
	0	333	1010.25578947368
	0	334	1013.42484210526
	0	335	1016.59389473684
	0	336	1019.76294736842
	0	337	1022.932
	0	338	1026.10105263158
	0	339	1029.27010526316
	0	340	1032.43915789474
	0	341	1035.60821052632
	0	342	1038.77726315789
	0	343	1041.94631578947
	0	344	1045.11536842105
	0	345	1048.28442105263
	0	346	1051.45347368421
	0	347	1054.62252631579
	0	348	1057.79157894737
	0	349	1060.96063157895
	0	350	1064.12968421053
	0	351	1067.29873684211
	0	352	1070.46778947368
	0	353	1073.63684210526
	0	354	1076.80589473684
	0	355	1079.97494736842
	0	356	1083.144
	0	357	1086.31305263158
	0	358	1089.48210526316
	1	359	1092.65115789474
	0	360	1095.82021052632
	0	361	1098.98926315789
	0	362	1102.15831578947
	0	363	1105.32736842105
	0	364	1108.49642105263
	0	365	1111.66547368421
	0	366	1114.83452631579
	1	367	1118.00357894737
	0	368	1121.17263157895
	0	369	1124.34168421053
	0	370	1127.51073684211
	0	371	1130.67978947368
	1	372	1133.84884210526
	0	373	1137.01789473684
	0	374	1140.18694736842
	0	375	1143.356
	0	376	1146.52505263158
	0	377	1149.69410526316
	1	378	1152.86315789474
	0	379	1156.03221052632
	0	380	1159.20126315789
	0	381	1162.37031578947
	0	382	1165.53936842105
	0	383	1168.70842105263
	0	384	1171.87747368421
	0	385	1175.04652631579
	0	386	1178.21557894737
	1	387	1181.38463157895
	0	388	1184.55368421053
	0	389	1187.72273684211
	0	390	1190.89178947368
	1	391	1194.06084210526
	0	392	1197.22989473684
	0	393	1200.39894736842
	1	394	1203.568
	0	395	1206.73705263158
	0	396	1209.90610526316
	0	397	1213.07515789474
	0	398	1216.24421052632
	0	399	1219.41326315789
	0	400	1222.58231578947
	0	401	1225.75136842105
	0	402	1228.92042105263
	0	403	1232.08947368421
	1	404	1235.25852631579
	0	405	1238.42757894737
	0	406	1241.59663157895
	0	407	1244.76568421053
	0	408	1247.93473684211
	0	409	1251.10378947368
	1	410	1254.27284210526
	0	411	1257.44189473684
	0	412	1260.61094736842
	0	413	1263.78
	1	414	1266.94905263158
	0	415	1270.11810526316
	1	416	1273.28715789474
	0	417	1276.45621052632
	0	418	1279.62526315789
	0	419	1282.79431578947
	0	420	1285.96336842105
	0	421	1289.13242105263
	0	422	1292.30147368421
	0	423	1295.47052631579
	0	424	1298.63957894737
	0	425	1301.80863157895
	1	426	1304.97768421053
	0	427	1308.14673684211
	0	428	1311.31578947368
	0	429	1314.48484210526
	1	430	1317.65389473684
	0	431	1320.82294736842
	0	432	1323.992
	0	433	1327.16105263158
	0	434	1330.33010526316
	0	435	1333.49915789474
	0	436	1336.66821052632
	0	437	1339.83726315789
	1	438	1343.00631578947
	0	439	1346.17536842105
	0	440	1349.34442105263
	0	441	1352.51347368421
	0	442	1355.68252631579
	0	443	1358.85157894737
	0	444	1362.02063157895
	0	445	1365.18968421053
	0	446	1368.35873684211
	0	447	1371.52778947368
	0	448	1374.69684210526
	0	449	1377.86589473684
	0	450	1381.03494736842
	0	451	1384.204
	0	452	1387.37305263158
	0	453	1390.54210526316
	0	454	1393.71115789474
	0	455	1396.88021052632
	0	456	1400.04926315789
	0	457	1403.21831578947
	0	458	1406.38736842105
	0	459	1409.55642105263
	0	460	1412.72547368421
	0	461	1415.89452631579
	0	462	1419.06357894737
	0	463	1422.23263157895
	0	464	1425.40168421053
	0	465	1428.57073684211
	1	466	1431.73978947368
	1	467	1434.90884210526
	0	468	1438.07789473684
	0	469	1441.24694736842
	0	470	1444.416
	0	471	1447.58505263158
	0	472	1450.75410526316
	0	473	1453.92315789474
	0	474	1457.09221052632
	0	475	1460.26126315789
	0	476	1463.43031578947
	0	477	1466.59936842105
	1	478	1469.76842105263
	1	479	1472.93747368421
	0	480	1476.10652631579
	0	481	1479.27557894737
	0	482	1482.44463157895
	0	483	1485.61368421053
	0	484	1488.78273684211
	0	485	1491.95178947368
	0	486	1495.12084210526
	0	487	1498.28989473684
	0	488	1501.45894736842
	0	489	1504.628
	0	490	1507.79705263158
	0	491	1510.96610526316
	0	492	1514.13515789474
	0	493	1517.30421052632
	0	494	1520.47326315789
	0	495	1523.64231578947
	0	496	1526.81136842105
	1	497	1529.98042105263
	0	498	1533.14947368421
	0	499	1536.31852631579
	0	500	1539.48757894737
	0	501	1542.65663157895
	0	502	1545.82568421053
	0	503	1548.99473684211
	0	504	1552.16378947368
	0	505	1555.33284210526
	0	506	1558.50189473684
	0	507	1561.67094736842
	0	508	1564.84
	0	509	1568.00905263158
	0	510	1571.17810526316
	11	511	1574.34715789474
