MIN=0	0	0	0
MAX=20	100	511	1516.18053811659
SCALE=20	5	100	500
DEC=0	0	0	1
DEF="Time" t / s	"Events" N_A	"Channel" n_A	"Energy" E_A / keV
0	0	0	0
1	0	1	2.96708520179372
2	0	2	5.93417040358744
3	0	3	8.90125560538117
4.002	0	4	11.8683408071749
5.002	0	5	14.8354260089686
6.002	0	6	17.8025112107623
6.999	4	7	20.7695964125561
8	12	8	23.7366816143498
9.002	20	9	26.7037668161435
10	42	10	29.6708520179372
11.003	52	11	32.6379372197309
12.003	57	12	35.6050224215247
13.003	61	13	38.5721076233184
13.999	38	14	41.5391928251121
15.003	36	15	44.5062780269058
16.003	24	16	47.4733632286995
16.999	39	17	50.4404484304933
18.003	18	18	53.407533632287
19.001	19	19	56.3746188340807
	15	20	59.3417040358744
	8	21	62.3087892376682
	15	22	65.2758744394619
	20	23	68.2429596412556
	18	24	71.2100448430493
	26	25	74.1771300448431
	19	26	77.1442152466368
	24	27	80.1113004484305
	39	28	83.0783856502242
	30	29	86.0454708520179
	51	30	89.0125560538117
	58	31	91.9796412556054
	39	32	94.9467264573991
	54	33	97.9138116591928
	33	34	100.880896860987
	40	35	103.84798206278
	30	36	106.815067264574
	25	37	109.782152466368
	26	38	112.749237668161
	27	39	115.716322869955
	26	40	118.683408071749
	18	41	121.650493273543
	25	42	124.617578475336
	20	43	127.58466367713
	16	44	130.551748878924
	30	45	133.518834080717
	25	46	136.485919282511
	25	47	139.453004484305
	24	48	142.420089686099
	17	49	145.387174887892
	17	50	148.354260089686
	27	51	151.32134529148
	20	52	154.288430493274
	19	53	157.255515695067
	31	54	160.222600896861
	21	55	163.189686098655
	42	56	166.156771300448
	32	57	169.123856502242
	25	58	172.090941704036
	31	59	175.05802690583
	24	60	178.025112107623
	17	61	180.992197309417
	24	62	183.959282511211
	29	63	186.926367713004
	32	64	189.893452914798
	33	65	192.860538116592
	21	66	195.827623318386
	34	67	198.794708520179
	33	68	201.761793721973
	33	69	204.728878923767
	32	70	207.695964125561
	35	71	210.663049327354
	36	72	213.630134529148
	35	73	216.597219730942
	44	74	219.564304932735
	40	75	222.531390134529
	25	76	225.498475336323
	36	77	228.465560538117
	32	78	231.43264573991
	39	79	234.399730941704
	38	80	237.366816143498
	40	81	240.333901345291
	55	82	243.300986547085
	24	83	246.268071748879
	41	84	249.235156950673
	40	85	252.202242152466
	32	86	255.16932735426
	22	87	258.136412556054
	18	88	261.103497757847
	27	89	264.070582959641
	27	90	267.037668161435
	29	91	270.004753363229
	22	92	272.971838565022
	19	93	275.938923766816
	20	94	278.90600896861
	20	95	281.873094170404
	21	96	284.840179372197
	23	97	287.807264573991
	21	98	290.774349775785
	25	99	293.741434977578
	17	100	296.708520179372
	19	101	299.675605381166
	14	102	302.64269058296
	22	103	305.609775784753
	27	104	308.576860986547
	18	105	311.543946188341
	14	106	314.511031390135
	16	107	317.478116591928
	24	108	320.445201793722
	18	109	323.412286995516
	17	110	326.379372197309
	24	111	329.346457399103
	10	112	332.313542600897
	15	113	335.280627802691
	19	114	338.247713004484
	15	115	341.214798206278
	15	116	344.181883408072
	14	117	347.148968609865
	12	118	350.116053811659
	12	119	353.083139013453
	16	120	356.050224215247
	12	121	359.01730941704
	16	122	361.984394618834
	17	123	364.951479820628
	10	124	367.918565022421
	14	125	370.885650224215
	8	126	373.852735426009
	14	127	376.819820627803
	9	128	379.786905829596
	15	129	382.75399103139
	17	130	385.721076233184
	15	131	388.688161434978
	8	132	391.655246636771
	17	133	394.622331838565
	15	134	397.589417040359
	11	135	400.556502242152
	19	136	403.523587443946
	10	137	406.49067264574
	13	138	409.457757847534
	17	139	412.424843049327
	6	140	415.391928251121
	13	141	418.359013452915
	11	142	421.326098654709
	6	143	424.293183856502
	19	144	427.260269058296
	16	145	430.22735426009
	13	146	433.194439461883
	7	147	436.161524663677
	12	148	439.128609865471
	8	149	442.095695067265
	11	150	445.062780269058
	10	151	448.029865470852
	13	152	450.996950672646
	6	153	453.964035874439
	7	154	456.931121076233
	15	155	459.898206278027
	6	156	462.865291479821
	9	157	465.832376681614
	7	158	468.799461883408
	9	159	471.766547085202
	5	160	474.733632286995
	4	161	477.700717488789
	3	162	480.667802690583
	3	163	483.634887892377
	4	164	486.60197309417
	3	165	489.569058295964
	7	166	492.536143497758
	5	167	495.503228699552
	5	168	498.470313901345
	1	169	501.437399103139
	3	170	504.404484304933
	3	171	507.371569506726
	4	172	510.33865470852
	1	173	513.305739910314
	4	174	516.272825112108
	4	175	519.239910313901
	0	176	522.206995515695
	4	177	525.174080717489
	5	178	528.141165919282
	0	179	531.108251121076
	4	180	534.07533632287
	1	181	537.042421524664
	2	182	540.009506726457
	4	183	542.976591928251
	3	184	545.943677130045
	1	185	548.910762331839
	4	186	551.877847533632
	1	187	554.844932735426
	0	188	557.81201793722
	3	189	560.779103139013
	1	190	563.746188340807
	3	191	566.713273542601
	3	192	569.680358744395
	0	193	572.647443946188
	2	194	575.614529147982
	0	195	578.581614349776
	2	196	581.548699551569
	2	197	584.515784753363
	1	198	587.482869955157
	5	199	590.449955156951
	2	200	593.417040358744
	6	201	596.384125560538
	3	202	599.351210762332
	3	203	602.318295964125
	6	204	605.285381165919
	9	205	608.252466367713
	11	206	611.219551569507
	9	207	614.1866367713
	14	208	617.153721973094
	23	209	620.120807174888
	22	210	623.087892376682
	16	211	626.054977578475
	27	212	629.022062780269
	45	213	631.989147982063
	32	214	634.956233183857
	44	215	637.92331838565
	41	216	640.890403587444
	59	217	643.857488789238
	43	218	646.824573991031
	51	219	649.791659192825
	43	220	652.758744394619
	53	221	655.725829596413
	57	222	658.692914798206
	44	223	661.66
	43	224	664.627085201794
	44	225	667.594170403587
	39	226	670.561255605381
	29	227	673.528340807175
	25	228	676.495426008968
	25	229	679.462511210762
	10	230	682.429596412556
	18	231	685.39668161435
	5	232	688.363766816143
	5	233	691.330852017937
	4	234	694.297937219731
	2	235	697.265022421525
	2	236	700.232107623318
	2	237	703.199192825112
	2	238	706.166278026906
	3	239	709.1333632287
	1	240	712.100448430493
	0	241	715.067533632287
	0	242	718.034618834081
	2	243	721.001704035874
	2	244	723.968789237668
	0	245	726.935874439462
	0	246	729.902959641256
	0	247	732.870044843049
	1	248	735.837130044843
	0	249	738.804215246637
	0	250	741.77130044843
	0	251	744.738385650224
	0	252	747.705470852018
	0	253	750.672556053812
	0	254	753.639641255605
	0	255	756.606726457399
	0	256	759.573811659193
	1	257	762.540896860987
	0	258	765.50798206278
	0	259	768.475067264574
	0	260	771.442152466368
	0	261	774.409237668161
	0	262	777.376322869955
	0	263	780.343408071749
	1	264	783.310493273543
	0	265	786.277578475336
	0	266	789.24466367713
	0	267	792.211748878924
	0	268	795.178834080717
	0	269	798.145919282511
	0	270	801.113004484305
	0	271	804.080089686099
	0	272	807.047174887892
	0	273	810.014260089686
	0	274	812.98134529148
	0	275	815.948430493274
	0	276	818.915515695067
	1	277	821.882600896861
	0	278	824.849686098655
	0	279	827.816771300448
	0	280	830.783856502242
	0	281	833.750941704036
	0	282	836.71802690583
	0	283	839.685112107623
	0	284	842.652197309417
	0	285	845.619282511211
	0	286	848.586367713004
	0	287	851.553452914798
	0	288	854.520538116592
	0	289	857.487623318386
	0	290	860.454708520179
	0	291	863.421793721973
	0	292	866.388878923767
	0	293	869.355964125561
	0	294	872.323049327354
	0	295	875.290134529148
	0	296	878.257219730942
	0	297	881.224304932735
	0	298	884.191390134529
	1	299	887.158475336323
	0	300	890.125560538117
	0	301	893.09264573991
	0	302	896.059730941704
	0	303	899.026816143498
	0	304	901.993901345291
	1	305	904.960986547085
	0	306	907.928071748879
	0	307	910.895156950673
	0	308	913.862242152466
	0	309	916.82932735426
	0	310	919.796412556054
	0	311	922.763497757847
	0	312	925.730582959641
	0	313	928.697668161435
	0	314	931.664753363229
	0	315	934.631838565022
	0	316	937.598923766816
	0	317	940.56600896861
	0	318	943.533094170404
	0	319	946.500179372197
	0	320	949.467264573991
	0	321	952.434349775785
	0	322	955.401434977578
	0	323	958.368520179372
	0	324	961.335605381166
	0	325	964.30269058296
	0	326	967.269775784753
	0	327	970.236860986547
	0	328	973.203946188341
	0	329	976.171031390134
	0	330	979.138116591928
	0	331	982.105201793722
	0	332	985.072286995516
	0	333	988.039372197309
	0	334	991.006457399103
	0	335	993.973542600897
	0	336	996.940627802691
	0	337	999.907713004484
	1	338	1002.87479820628
	0	339	1005.84188340807
	0	340	1008.80896860987
	0	341	1011.77605381166
	0	342	1014.74313901345
	0	343	1017.71022421525
	0	344	1020.67730941704
	0	345	1023.64439461883
	0	346	1026.61147982063
	0	347	1029.57856502242
	0	348	1032.54565022422
	0	349	1035.51273542601
	0	350	1038.4798206278
	0	351	1041.4469058296
	0	352	1044.41399103139
	0	353	1047.38107623318
	0	354	1050.34816143498
	0	355	1053.31524663677
	0	356	1056.28233183856
	0	357	1059.24941704036
	0	358	1062.21650224215
	0	359	1065.18358744395
	0	360	1068.15067264574
	0	361	1071.11775784753
	0	362	1074.08484304933
	0	363	1077.05192825112
	0	364	1080.01901345291
	0	365	1082.98609865471
	0	366	1085.9531838565
	0	367	1088.9202690583
	0	368	1091.88735426009
	0	369	1094.85443946188
	0	370	1097.82152466368
	0	371	1100.78860986547
	0	372	1103.75569506726
	0	373	1106.72278026906
	0	374	1109.68986547085
	0	375	1112.65695067265
	0	376	1115.62403587444
	0	377	1118.59112107623
	0	378	1121.55820627803
	0	379	1124.52529147982
	0	380	1127.49237668161
	0	381	1130.45946188341
	0	382	1133.4265470852
	0	383	1136.393632287
	1	384	1139.36071748879
	0	385	1142.32780269058
	0	386	1145.29488789238
	0	387	1148.26197309417
	0	388	1151.22905829596
	0	389	1154.19614349776
	0	390	1157.16322869955
	0	391	1160.13031390135
	1	392	1163.09739910314
	0	393	1166.06448430493
	0	394	1169.03156950673
	0	395	1171.99865470852
	0	396	1174.96573991031
	0	397	1177.93282511211
	0	398	1180.8999103139
	0	399	1183.8669955157
	0	400	1186.83408071749
	0	401	1189.80116591928
	0	402	1192.76825112108
	0	403	1195.73533632287
	0	404	1198.70242152466
	0	405	1201.66950672646
	0	406	1204.63659192825
	0	407	1207.60367713004
	0	408	1210.57076233184
	0	409	1213.53784753363
	0	410	1216.50493273543
	0	411	1219.47201793722
	0	412	1222.43910313901
	0	413	1225.40618834081
	0	414	1228.3732735426
	0	415	1231.34035874439
	0	416	1234.30744394619
	0	417	1237.27452914798
	0	418	1240.24161434978
	0	419	1243.20869955157
	0	420	1246.17578475336
	0	421	1249.14286995516
	0	422	1252.10995515695
	0	423	1255.07704035874
	0	424	1258.04412556054
	0	425	1261.01121076233
	0	426	1263.97829596413
	0	427	1266.94538116592
	0	428	1269.91246636771
	0	429	1272.87955156951
	0	430	1275.8466367713
	0	431	1278.81372197309
	0	432	1281.78080717489
	0	433	1284.74789237668
	0	434	1287.71497757848
	0	435	1290.68206278027
	0	436	1293.64914798206
	1	437	1296.61623318386
	0	438	1299.58331838565
	0	439	1302.55040358744
	0	440	1305.51748878924
	0	441	1308.48457399103
	0	442	1311.45165919283
	0	443	1314.41874439462
	0	444	1317.38582959641
	1	445	1320.35291479821
	0	446	1323.32
	0	447	1326.28708520179
	0	448	1329.25417040359
	0	449	1332.22125560538
	0	450	1335.18834080717
	0	451	1338.15542600897
	0	452	1341.12251121076
	0	453	1344.08959641256
	0	454	1347.05668161435
	1	455	1350.02376681614
	0	456	1352.99085201794
	0	457	1355.95793721973
	0	458	1358.92502242152
	0	459	1361.89210762332
	0	460	1364.85919282511
	0	461	1367.82627802691
	1	462	1370.7933632287
	0	463	1373.76044843049
	0	464	1376.72753363229
	0	465	1379.69461883408
	0	466	1382.66170403587
	0	467	1385.62878923767
	0	468	1388.59587443946
	0	469	1391.56295964126
	0	470	1394.53004484305
	0	471	1397.49713004484
	1	472	1400.46421524664
	0	473	1403.43130044843
	0	474	1406.39838565022
	0	475	1409.36547085202
	0	476	1412.33255605381
	0	477	1415.29964125561
	0	478	1418.2667264574
	0	479	1421.23381165919
	0	480	1424.20089686099
	0	481	1427.16798206278
	0	482	1430.13506726457
	0	483	1433.10215246637
	0	484	1436.06923766816
	0	485	1439.03632286996
	0	486	1442.00340807175
	0	487	1444.97049327354
	0	488	1447.93757847534
	0	489	1450.90466367713
	0	490	1453.87174887892
	0	491	1456.83883408072
	0	492	1459.80591928251
	0	493	1462.7730044843
	1	494	1465.7400896861
	0	495	1468.70717488789
	0	496	1471.67426008969
	0	497	1474.64134529148
	0	498	1477.60843049327
	0	499	1480.57551569507
	0	500	1483.54260089686
	0	501	1486.50968609865
	0	502	1489.47677130045
	0	503	1492.44385650224
	0	504	1495.41094170404
	0	505	1498.37802690583
	0	506	1501.34511210762
	0	507	1504.31219730942
	0	508	1507.27928251121
	0	509	1510.246367713
	0	510	1513.2134529148
	13	511	1516.18053811659
