MIN=0	0	0	0
MAX=100	464.158883361278	511	1574.34715789474
SCALE=100	5	100	500
DEC=1	0	0	1
DEF="Time" t / s	"Events" N_A	"Channel" n_A	"Energy" E_A / keV
0	0	0	-45.0387368421053
0.103	0	1	-41.8696842105264
0.2	0	2	-38.7006315789473
0.305	0	3	-35.5315789473684
0.403	0	4	-32.3625263157895
0.499	1	5	-29.1934736842106
0.599	3	6	-26.0244210526316
0.699	19	7	-22.8553684210526
0.799	62	8	-19.6863157894737
0.903	92	9	-16.5172631578948
0.999	144	10	-13.3482105263158
1.099	201	11	-10.1791578947369
1.202	269	12	-7.01010526315793
1.299	300	13	-3.84105263157892
1.399	284	14	-0.672000000000025
1.499	217	15	2.49705263157887
1.599	169	16	5.66610526315787
1.7	130	17	8.83515789473677
1.799	105	18	12.0042105263158
1.901	98	19	15.1732631578948
2	81	20	18.3423157894737
2.103	76	21	21.5113684210526
2.203	82	22	24.6804210526316
2.299	86	23	27.8494736842105
2.399	87	24	31.0185263157895
2.499	96	25	34.1875789473684
2.599	96	26	37.3566315789474
2.699	112	27	40.5256842105263
2.799	127	28	43.6947368421053
2.899	134	29	46.8637894736842
3.003	207	30	50.0328421052631
3.104	216	31	53.2018947368421
3.2	243	32	56.3709473684211
3.3	256	33	59.54
3.4	239	34	62.7090526315789
3.5	225	35	65.8781052631579
3.6	190	36	69.0471578947368
3.7	179	37	72.2162105263158
3.799	156	38	75.3852631578948
3.903	131	39	78.5543157894737
3.999	117	40	81.7233684210526
4.099	122	41	84.8924210526316
4.199	109	42	88.0614736842105
4.299	120	43	91.2305263157895
4.4	98	44	94.3995789473684
4.499	92	45	97.5686315789474
4.599	120	46	100.737684210526
4.699	97	47	103.906736842105
4.799	89	48	107.075789473684
4.903	124	49	110.244842105263
4.999	110	50	113.413894736842
5.1	122	51	116.582947368421
5.203	125	52	119.752
5.306	118	53	122.921052631579
5.4	125	54	126.090105263158
5.5	115	55	129.259157894737
5.6	108	56	132.428210526316
5.7	140	57	135.597263157895
5.8	123	58	138.766315789474
5.899	136	59	141.935368421053
6	115	60	145.104421052632
6.099	127	61	148.27347368421
6.199	105	62	151.442526315789
6.299	149	63	154.611578947368
6.399	123	64	157.780631578947
6.499	124	65	160.949684210526
6.599	137	66	164.118736842105
6.701	125	67	167.287789473684
6.8	144	68	170.456842105263
6.9	146	69	173.625894736842
7	166	70	176.794947368421
7.103	155	71	179.964
7.199	169	72	183.133052631579
7.299	158	73	186.302105263158
7.4	174	74	189.471157894737
7.499	165	75	192.640210526316
7.6	190	76	195.809263157895
7.7	171	77	198.978315789474
7.8	181	78	202.147368421053
7.899	156	79	205.316421052632
7.999	167	80	208.48547368421
8.1	179	81	211.65452631579
8.199	181	82	214.823578947368
8.299	156	83	217.992631578947
8.4	161	84	221.161684210526
8.504	191	85	224.330736842105
8.604	164	86	227.499789473684
8.7	135	87	230.668842105263
8.8	142	88	233.837894736842
8.9	141	89	237.006947368421
9.004	153	90	240.176
9.101	142	91	243.345052631579
9.201	134	92	246.514105263158
9.304	115	93	249.683157894737
9.4	116	94	252.852210526316
9.5	105	95	256.021263157895
9.599	122	96	259.190315789474
9.699	112	97	262.359368421053
9.799	115	98	265.528421052632
9.899	125	99	268.69747368421
9.999	96	100	271.866526315789
10.104	104	101	275.035578947368
10.199	104	102	278.204631578947
10.299	83	103	281.373684210526
10.399	89	104	284.542736842105
10.5	75	105	287.711789473684
10.6	94	106	290.880842105263
10.699	93	107	294.049894736842
10.8	86	108	297.218947368421
10.9	92	109	300.388
11	77	110	303.557052631579
11.1	91	111	306.726105263158
11.199	78	112	309.895157894737
11.3	75	113	313.064210526316
11.4	84	114	316.233263157895
11.5	66	115	319.402315789474
11.599	78	116	322.571368421053
11.699	93	117	325.740421052632
11.799	73	118	328.909473684211
11.899	69	119	332.078526315789
12	71	120	335.247578947368
12.099	73	121	338.416631578947
12.199	79	122	341.585684210526
12.306	71	123	344.754736842105
12.399	87	124	347.923789473684
12.499	65	125	351.092842105263
12.604	63	126	354.261894736842
12.701	70	127	357.430947368421
12.801	78	128	360.6
12.901	74	129	363.769052631579
13	59	130	366.938105263158
13.1	71	131	370.107157894737
13.204	46	132	373.276210526316
13.299	57	133	376.445263157895
13.4	65	134	379.614315789474
13.5	66	135	382.783368421053
13.599	63	136	385.952421052632
13.7	70	137	389.121473684211
13.8	65	138	392.290526315789
13.899	50	139	395.459578947368
14.004	64	140	398.628631578947
14.099	62	141	401.797684210526
14.199	63	142	404.966736842105
14.299	78	143	408.135789473684
14.399	77	144	411.304842105263
14.499	68	145	414.473894736842
14.599	70	146	417.642947368421
14.699	66	147	420.812
14.799	62	148	423.981052631579
14.904	71	149	427.150105263158
15	62	150	430.319157894737
15.099	59	151	433.488210526316
15.199	64	152	436.657263157895
15.299	61	153	439.826315789474
15.399	59	154	442.995368421053
15.499	63	155	446.164421052632
15.599	63	156	449.333473684211
15.699	50	157	452.502526315789
15.8	46	158	455.671578947368
15.899	52	159	458.840631578947
15.999	41	160	462.009684210526
16.1	35	161	465.178736842105
16.199	30	162	468.347789473684
16.299	34	163	471.516842105263
16.399	30	164	474.685894736842
16.504	25	165	477.854947368421
16.599	27	166	481.024
16.7	26	167	484.193052631579
16.804	20	168	487.362105263158
16.9	19	169	490.531157894737
17.004	16	170	493.700210526316
17.1	24	171	496.869263157895
17.2	15	172	500.038315789474
17.3	27	173	503.207368421053
17.399	17	174	506.376421052632
17.499	13	175	509.54547368421
17.599	13	176	512.71452631579
17.699	13	177	515.883578947368
17.8	21	178	519.052631578947
17.9	14	179	522.221684210526
18	6	180	525.390736842105
18.1	17	181	528.559789473684
18.2	16	182	531.728842105263
18.299	13	183	534.897894736842
18.399	14	184	538.066947368421
18.499	8	185	541.236
18.599	9	186	544.405052631579
18.699	9	187	547.574105263158
18.799	10	188	550.743157894737
18.899	13	189	553.912210526316
19.004	6	190	557.081263157895
19.099	8	191	560.250315789474
19.2	6	192	563.419368421053
19.299	9	193	566.588421052632
19.399	4	194	569.75747368421
19.499	7	195	572.926526315789
19.599	5	196	576.095578947368
19.7	7	197	579.264631578947
19.8	5	198	582.433684210526
19.904	6	199	585.602736842105
20	7	200	588.771789473684
20.101	5	201	591.940842105263
20.204	5	202	595.109894736842
20.301	4	203	598.278947368421
20.4	12	204	601.448
20.5	8	205	604.617052631579
20.604	4	206	607.786105263158
20.7	7	207	610.955157894737
20.8	12	208	614.124210526316
20.9	20	209	617.293263157895
21.001	19	210	620.462315789474
21.1	27	211	623.631368421053
21.201	34	212	626.800421052632
21.3	43	213	629.96947368421
21.404	55	214	633.138526315789
21.501	49	215	636.307578947368
21.6	99	216	639.476631578947
21.7	117	217	642.645684210526
21.804	121	218	645.814736842105
21.9	136	219	648.983789473684
21.999	148	220	652.152842105263
22.104	202	221	655.321894736842
22.204	197	222	658.490947368421
22.299	195	223	661.66
22.4	235	224	664.829052631579
22.499	234	225	667.998105263158
22.599	239	226	671.167157894737
22.699	259	227	674.336210526316
22.799	271	228	677.505263157895
22.905	247	229	680.674315789474
22.999	260	230	683.843368421053
23.104	210	231	687.012421052632
23.199	185	232	690.18147368421
23.299	168	233	693.350526315789
23.404	146	234	696.519578947368
23.499	121	235	699.688631578947
23.6	135	236	702.857684210526
23.7	103	237	706.026736842105
23.801	78	238	709.195789473684
23.899	51	239	712.364842105263
23.999	47	240	715.533894736842
24.099	37	241	718.702947368421
24.199	22	242	721.872
24.3	13	243	725.041052631579
24.4	15	244	728.210105263158
24.499	7	245	731.379157894737
24.604	12	246	734.548210526316
24.7	7	247	737.717263157895
24.8	4	248	740.886315789474
24.9	3	249	744.055368421053
25.004	2	250	747.224421052632
25.1	0	251	750.39347368421
25.2	2	252	753.562526315789
25.3	4	253	756.731578947368
25.401	1	254	759.900631578947
25.501	0	255	763.069684210526
25.604	0	256	766.238736842105
25.7	2	257	769.407789473684
25.804	0	258	772.576842105263
25.899	0	259	775.745894736842
26	0	260	778.914947368421
26.1	1	261	782.084
26.2	0	262	785.253052631579
26.299	0	263	788.422105263158
26.399	1	264	791.591157894737
26.499	1	265	794.760210526316
26.599	0	266	797.929263157895
26.699	0	267	801.098315789474
26.799	0	268	804.267368421053
26.899	1	269	807.436421052632
26.999	0	270	810.60547368421
27.099	1	271	813.774526315789
27.205	0	272	816.943578947368
27.3	3	273	820.112631578947
27.399	0	274	823.281684210526
27.499	1	275	826.450736842105
27.599	0	276	829.619789473684
27.704	1	277	832.788842105263
27.8	1	278	835.957894736842
27.899	1	279	839.126947368421
28.005	0	280	842.296
28.1	1	281	845.465052631579
28.2	0	282	848.634105263158
28.304	1	283	851.803157894737
28.404	1	284	854.972210526316
28.501	0	285	858.141263157895
28.6	0	286	861.310315789474
28.7	0	287	864.479368421053
28.799	0	288	867.648421052632
28.899	1	289	870.81747368421
28.999	0	290	873.986526315789
29.099	0	291	877.155578947368
29.199	0	292	880.324631578947
29.299	1	293	883.493684210526
29.399	1	294	886.662736842105
29.499	1	295	889.831789473684
29.599	0	296	893.000842105263
29.699	0	297	896.169894736842
29.805	1	298	899.338947368421
29.9	0	299	902.508
30.001	0	300	905.677052631579
30.1	0	301	908.846105263158
30.2	0	302	912.015157894737
30.305	0	303	915.184210526316
30.405	0	304	918.353263157895
30.5	0	305	921.522315789474
30.605	1	306	924.691368421053
30.7	1	307	927.860421052632
30.801	0	308	931.02947368421
30.9	0	309	934.198526315789
31.005	0	310	937.367578947368
31.1	0	311	940.536631578947
31.2	0	312	943.705684210526
31.3	1	313	946.874736842105
31.405	1	314	950.043789473684
31.5	0	315	953.212842105263
31.605	0	316	956.381894736842
31.705	1	317	959.550947368421
31.805	0	318	962.72
31.899	0	319	965.889052631579
32	0	320	969.058105263158
32.105	0	321	972.227157894737
32.199	0	322	975.396210526316
32.299	0	323	978.565263157895
32.399	0	324	981.734315789474
32.499	0	325	984.903368421053
32.599	0	326	988.072421052632
32.706	0	327	991.241473684211
32.799	0	328	994.410526315789
32.899	0	329	997.579578947368
32.999	0	330	1000.74863157895
33.099	0	331	1003.91768421053
33.199	1	332	1007.08673684211
33.299	0	333	1010.25578947368
33.399	0	334	1013.42484210526
33.499	0	335	1016.59389473684
33.599	1	336	1019.76294736842
33.699	0	337	1022.932
33.806	1	338	1026.10105263158
33.9	0	339	1029.27010526316
33.999	0	340	1032.43915789474
34.099	1	341	1035.60821052632
34.199	0	342	1038.77726315789
34.305	0	343	1041.94631578947
34.399	0	344	1045.11536842105
34.499	0	345	1048.28442105263
34.599	0	346	1051.45347368421
34.7	1	347	1054.62252631579
34.799	1	348	1057.79157894737
34.9	0	349	1060.96063157895
35	0	350	1064.12968421053
35.099	1	351	1067.29873684211
35.199	0	352	1070.46778947368
35.299	0	353	1073.63684210526
35.399	0	354	1076.80589473684
35.499	1	355	1079.97494736842
35.605	0	356	1083.144
35.699	0	357	1086.31305263158
35.799	1	358	1089.48210526316
35.899	0	359	1092.65115789474
35.999	0	360	1095.82021052632
36.099	0	361	1098.98926315789
36.2	1	362	1102.15831578947
36.3	0	363	1105.32736842105
36.405	0	364	1108.49642105263
36.499	0	365	1111.66547368421
36.599	0	366	1114.83452631579
36.699	0	367	1118.00357894737
36.8	0	368	1121.17263157895
36.899	0	369	1124.34168421053
36.999	1	370	1127.51073684211
37.099	0	371	1130.67978947368
37.199	0	372	1133.84884210526
37.299	0	373	1137.01789473684
37.405	0	374	1140.18694736842
37.499	0	375	1143.356
37.6	0	376	1146.52505263158
37.707	0	377	1149.69410526316
37.8	0	378	1152.86315789474
37.9	0	379	1156.03221052632
38	0	380	1159.20126315789
38.1	2	381	1162.37031578947
38.2	0	382	1165.53936842105
38.3	1	383	1168.70842105263
38.401	0	384	1171.87747368421
38.5	0	385	1175.04652631579
38.6	0	386	1178.21557894737
38.7	0	387	1181.38463157895
38.805	1	388	1184.55368421053
38.9	0	389	1187.72273684211
39	0	390	1190.89178947368
39.1	0	391	1194.06084210526
39.2	0	392	1197.22989473684
39.299	0	393	1200.39894736842
39.4	0	394	1203.568
39.5	0	395	1206.73705263158
39.599	0	396	1209.90610526316
39.7	0	397	1213.07515789474
39.799	0	398	1216.24421052632
39.899	0	399	1219.41326315789
39.999	0	400	1222.58231578947
40.099	1	401	1225.75136842105
40.199	0	402	1228.92042105263
40.299	0	403	1232.08947368421
40.4	0	404	1235.25852631579
40.5	0	405	1238.42757894737
40.599	0	406	1241.59663157895
40.7	1	407	1244.76568421053
40.799	0	408	1247.93473684211
40.899	0	409	1251.10378947368
40.999	0	410	1254.27284210526
41.099	0	411	1257.44189473684
41.199	0	412	1260.61094736842
41.3	0	413	1263.78
41.4	0	414	1266.94905263158
41.5	0	415	1270.11810526316
41.599	0	416	1273.28715789474
41.699	0	417	1276.45621052632
41.799	1	418	1279.62526315789
41.9	0	419	1282.79431578947
41.999	0	420	1285.96336842105
42.099	0	421	1289.13242105263
42.199	0	422	1292.30147368421
42.299	0	423	1295.47052631579
42.401	0	424	1298.63957894737
42.499	0	425	1301.80863157895
42.599	0	426	1304.97768421053
42.7	0	427	1308.14673684211
42.8	0	428	1311.31578947368
42.9	0	429	1314.48484210526
43	0	430	1317.65389473684
43.1	0	431	1320.82294736842
43.2	0	432	1323.992
43.3	0	433	1327.16105263158
43.405	0	434	1330.33010526316
43.5	1	435	1333.49915789474
43.6	0	436	1336.66821052632
43.7	0	437	1339.83726315789
43.8	0	438	1343.00631578947
43.9	0	439	1346.17536842105
43.999	0	440	1349.34442105263
44.099	0	441	1352.51347368421
44.2	0	442	1355.68252631579
44.299	0	443	1358.85157894737
44.399	0	444	1362.02063157895
44.507	0	445	1365.18968421053
44.599	0	446	1368.35873684211
44.699	0	447	1371.52778947368
44.799	0	448	1374.69684210526
44.899	0	449	1377.86589473684
44.999	0	450	1381.03494736842
45.099	0	451	1384.204
45.199	0	452	1387.37305263158
45.299	0	453	1390.54210526316
45.399	0	454	1393.71115789474
45.499	0	455	1396.88021052632
45.599	0	456	1400.04926315789
45.705	0	457	1403.21831578947
45.799	0	458	1406.38736842105
45.899	0	459	1409.55642105263
45.999	0	460	1412.72547368421
46.099	0	461	1415.89452631579
46.199	0	462	1419.06357894737
46.3	0	463	1422.23263157895
46.4	0	464	1425.40168421053
46.5	1	465	1428.57073684211
46.599	2	466	1431.73978947368
46.699	0	467	1434.90884210526
46.799	0	468	1438.07789473684
46.899	0	469	1441.24694736842
47	0	470	1444.416
47.099	0	471	1447.58505263158
47.2	0	472	1450.75410526316
47.3	0	473	1453.92315789474
47.399	0	474	1457.09221052632
47.5	0	475	1460.26126315789
47.599	0	476	1463.43031578947
47.7	0	477	1466.59936842105
47.8	0	478	1469.76842105263
47.905	0	479	1472.93747368421
47.999	0	480	1476.10652631579
48.101	0	481	1479.27557894737
48.199	0	482	1482.44463157895
48.299	0	483	1485.61368421053
48.399	0	484	1488.78273684211
48.5	1	485	1491.95178947368
48.6	0	486	1495.12084210526
48.7	0	487	1498.28989473684
48.8	0	488	1501.45894736842
48.899	0	489	1504.628
48.999	0	490	1507.79705263158
49.1	0	491	1510.96610526316
49.2	0	492	1514.13515789474
49.3	0	493	1517.30421052632
49.4	0	494	1520.47326315789
49.5	0	495	1523.64231578947
49.605	0	496	1526.81136842105
49.699	0	497	1529.98042105263
49.799	0	498	1533.14947368421
49.9	0	499	1536.31852631579
50	0	500	1539.48757894737
50.1	0	501	1542.65663157895
50.2	0	502	1545.82568421053
50.3	0	503	1548.99473684211
50.406	0	504	1552.16378947368
50.499	0	505	1555.33284210526
50.6	0	506	1558.50189473684
50.699	2	507	1561.67094736842
50.8	0	508	1564.84
50.899	1	509	1568.00905263158
51	0	510	1571.17810526316
51.1	40	511	1574.34715789474
51.2			
51.3			
51.4			
51.5			
51.6			
51.7			
51.8			
51.899			
52			
52.102			
52.2			
52.3			
52.399			
52.501			
52.599			
52.701			
52.8			
52.9			
52.999			
53.1			
53.2			
53.299			
53.407			
53.5			
53.6			
53.7			
53.799			
53.899			
54			
54.106			
54.2			
54.3			
54.4			
54.501			
54.599			
54.699			
54.8			
54.902			
54.999			
55.101			
55.199			
55.299			
55.4			
55.5			
55.6			
55.7			
55.799			
55.9			
56			
56.1			
56.201			
56.3			
56.4			
56.5			
56.6			
56.701			
56.8			
56.906			
57			
57.106			
57.2			
57.301			
57.406			
57.5			
57.602			
57.7			
57.8			
57.9			
58			
58.1			
58.2			
58.3			
58.4			
58.5			
58.6			
58.706			
58.799			
58.901			
59			
59.1			
59.2			
59.299			
59.4			
59.5			
59.599			
59.699			
59.8			
59.899			
59.999			
60.099			
60.199			
60.299			
60.4			
60.499			
60.6			
60.7			
60.8			
60.9			
60.999			
61.1			
61.2			
61.299			
61.399			
61.5			
61.606			
61.699			
61.799			
61.899			
62			
62.099			
62.2			
62.3			
62.4			
62.5			
62.602			
62.7			
62.8			
62.9			
63.004			
63.099			
63.2			
63.3			
63.4			
63.5			
63.6			
63.701			
63.8			
63.9			
64			
64.1			
64.2			
64.3			
64.4			
64.499			
64.6			
64.699			
64.799			
64.9			
65			
65.1			
65.2			
65.299			
65.399			
65.506			
65.6			
65.707			
65.799			
65.899			
65.999			
66.1			
66.199			
66.299			
66.399			
66.499			
66.6			
66.699			
66.8			
66.9			
66.999			
67.1			
67.2			
67.301			
67.399			
67.499			
67.599			
67.702			
67.799			
67.899			
67.999			
68.099			
68.201			
68.308			
68.399			
68.499			
68.599			
68.702			
68.799			
68.899			
68.999			
69.099			
69.199			
69.299			
69.4			
69.499			
69.599			
69.699			
69.799			
69.901			
70			
70.1			
70.202			
70.301			
70.402			
70.501			
70.601			
70.7			
70.8			
70.901			
71			
71.101			
71.2			
71.3			
71.401			
71.501			
71.608			
71.702			
71.803			
71.9			
72.001			
72.101			
72.2			
72.301			
72.399			
72.499			
72.599			
72.701			
72.801			
72.901			
73			
73.1			
73.206			
73.299			
73.399			
73.499			
73.599			
73.699			
73.8			
73.901			
74.001			
74.099			
74.199			
74.299			
74.4			
74.501			
74.601			
74.7			
74.8			
74.901			
75.001			
75.1			
75.2			
75.301			
75.401			
75.501			
75.602			
75.701			
75.799			
75.9			
75.999			
76.106			
76.199			
76.299			
76.399			
76.501			
76.599			
76.699			
76.801			
76.899			
76.999			
77.099			
77.201			
77.299			
77.401			
77.5			
77.601			
77.701			
77.801			
77.9			
78.005			
78.1			
78.207			
78.301			
78.401			
78.5			
78.601			
78.702			
78.801			
78.901			
79			
79.1			
79.201			
79.301			
79.4			
79.499			
79.601			
79.7			
79.807			
79.9			
79.999			
80.107			
80.2			
80.3			
80.401			
80.5			
80.601			
80.701			
80.807			
80.9			
80.999			
81.101			
81.201			
81.3			
81.4			
81.501			
81.6			
81.701			
81.799			
81.901			
81.999			
82.102			
82.199			
82.301			
82.407			
82.501			
82.601			
82.7			
82.801			
82.899			
83			
83.107			
83.199			
83.301			
83.4			
83.5			
83.599			
83.7			
83.801			
83.907			
84.002			
84.1			
84.2			
84.3			
84.401			
84.501			
84.6			
84.7			
84.801			
84.9			
85.001			
85.101			
85.2			
85.307			
85.401			
85.499			
85.601			
85.699			
85.801			
85.907			
86.001			
86.107			
86.199			
86.3			
86.399			
86.5			
86.599			
86.701			
86.799			
86.9			
86.999			
87.099			
87.201			
87.301			
87.399			
87.5			
87.6			
87.699			
87.801			
87.9			
88			
88.103			
88.2			
88.3			
88.4			
88.499			
88.599			
88.701			
88.801			
88.901			
89.001			
89.099			
89.199			
89.299			
89.399			
89.501			
89.607			
89.699			
89.801			
89.902			
90.003			
90.102			
90.201			
90.308			
90.4			
90.501			
90.604			
90.7			
90.807			
90.907			
90.999			
91.1			
91.201			
91.303			
91.399			
91.502			
91.6			
91.701			
91.8			
91.903			
92			
92.1			
92.2			
92.301			
92.399			
92.5			
92.6			
92.699			
92.801			
92.901			
92.999			
93.102			
93.2			
93.3			
93.402			
93.499			
93.599			
93.699			
93.799			
93.899			
94.002			
94.099			
94.207			
94.303			
94.4			
94.502			
94.602			
94.709			
94.799			
94.902			
95.002			
95.102			
95.204			
95.299			
95.399			
95.499			
95.6			
95.699			
95.8			
95.9			
96.002			
96.102			
96.202			
96.309			
96.399			
96.5			
96.602			
96.702			
96.801			
96.901			
97			
97.102			
97.201			
97.3			
97.4			
97.499			
97.599			
97.701			
97.802			
97.902			
98.002			
98.102			
98.2			
98.299			
98.402			
98.499			
98.602			
98.699			
98.802			
98.899			
98.999			
99.102			
99.199			
99.3			
99.399			
99.502			
99.602			
99.702			
99.799			
99.899			
99.999			
