MIN=0	0	0	0
MAX=100	46.4158883361278	511	1574.34715789474
SCALE=100	5	100	500
DEC=1	0	0	1
DEF="Time" t / s	"Events" N_A	"Channel" n_A	"Energy" E_A / keV
0	0	0	-45.0387368421053
0.101	0	1	-41.8696842105264
0.205	0	2	-38.7006315789473
0.3	0	3	-35.5315789473684
0.399	0	4	-32.3625263157895
0.499	5	5	-29.1934736842106
0.6	14	6	-26.0244210526316
0.7	16	7	-22.8553684210526
0.81	16	8	-19.6863157894737
0.9	16	9	-16.5172631578948
1	17	10	-13.3482105263158
1.1	16	11	-10.1791578947369
1.205	13	12	-7.01010526315793
1.305	11	13	-3.84105263157892
1.4	17	14	-0.672000000000025
1.5	16	15	2.49705263157887
1.605	21	16	5.66610526315787
1.7	15	17	8.83515789473677
1.799	16	18	12.0042105263158
1.899	13	19	15.1732631578948
1.999	13	20	18.3423157894737
2.099	19	21	21.5113684210526
2.199	15	22	24.6804210526316
2.305	16	23	27.8494736842105
2.405	18	24	31.0185263157895
2.505	9	25	34.1875789473684
2.605	20	26	37.3566315789474
2.7	23	27	40.5256842105263
2.811	18	28	43.6947368421053
2.9	14	29	46.8637894736842
3	6	30	50.0328421052631
3.101	10	31	53.2018947368421
3.2	15	32	56.3709473684211
3.305	9	33	59.54
3.401	12	34	62.7090526315789
3.505	13	35	65.8781052631579
3.61	14	36	69.0471578947368
3.701	21	37	72.2162105263158
3.801	15	38	75.3852631578948
3.9	8	39	78.5543157894737
4	9	40	81.7233684210526
4.1	10	41	84.8924210526316
4.2	7	42	88.0614736842105
4.299	9	43	91.2305263157895
4.399	10	44	94.3995789473684
4.5	12	45	97.5686315789474
4.599	12	46	100.737684210526
4.7	10	47	103.906736842105
4.8	7	48	107.075789473684
4.899	9	49	110.244842105263
5	6	50	113.413894736842
5.099	14	51	116.582947368421
5.2	10	52	119.752
5.299	7	53	122.921052631579
5.4	6	54	126.090105263158
5.499	8	55	129.259157894737
5.6	9	56	132.428210526316
5.699	11	57	135.597263157895
5.805	8	58	138.766315789474
5.905	7	59	141.935368421053
5.999	4	60	145.104421052632
6.099	5	61	148.27347368421
6.199	9	62	151.442526315789
6.305	8	63	154.611578947368
6.399	8	64	157.780631578947
6.501	6	65	160.949684210526
6.599	7	66	164.118736842105
6.7	2	67	167.287789473684
6.799	2	68	170.456842105263
6.901	7	69	173.625894736842
7.005	9	70	176.794947368421
7.099	5	71	179.964
7.201	3	72	183.133052631579
7.299	8	73	186.302105263158
7.401	6	74	189.471157894737
7.5	5	75	192.640210526316
7.601	3	76	195.809263157895
7.699	7	77	198.978315789474
7.801	8	78	202.147368421053
7.899	2	79	205.316421052632
7.999	7	80	208.48547368421
8.099	4	81	211.65452631579
8.201	4	82	214.823578947368
8.301	6	83	217.992631578947
8.399	5	84	221.161684210526
8.501	3	85	224.330736842105
8.601	5	86	227.499789473684
8.705	6	87	230.668842105263
8.801	8	88	233.837894736842
8.9	3	89	237.006947368421
9.005	2	90	240.176
9.099	2	91	243.345052631579
9.2	2	92	246.514105263158
9.299	3	93	249.683157894737
9.399	6	94	252.852210526316
9.5	4	95	256.021263157895
9.6	7	96	259.190315789474
9.699	7	97	262.359368421053
9.799	3	98	265.528421052632
9.899	4	99	268.69747368421
10	7	100	271.866526315789
10.105	6	101	275.035578947368
10.206	4	102	278.204631578947
10.3	3	103	281.373684210526
10.405	6	104	284.542736842105
10.5	5	105	287.711789473684
10.6	6	106	290.880842105263
10.7	2	107	294.049894736842
10.799	4	108	297.218947368421
10.899	1	109	300.388
10.999	4	110	303.557052631579
11.1	3	111	306.726105263158
11.202	7	112	309.895157894737
11.299	3	113	313.064210526316
11.399	6	114	316.233263157895
11.499	0	115	319.402315789474
11.601	2	116	322.571368421053
11.699	4	117	325.740421052632
11.799	1	118	328.909473684211
11.905	6	119	332.078526315789
11.999	0	120	335.247578947368
12.099	2	121	338.416631578947
12.2	3	122	341.585684210526
12.305	4	123	344.754736842105
12.401	1	124	347.923789473684
12.5	3	125	351.092842105263
12.601	1	126	354.261894736842
12.7	3	127	357.430947368421
12.8	2	128	360.6
12.899	1	129	363.769052631579
13.005	3	130	366.938105263158
13.101	3	131	370.107157894737
13.199	7	132	373.276210526316
13.299	6	133	376.445263157895
13.4	4	134	379.614315789474
13.499	5	135	382.783368421053
13.605	1	136	385.952421052632
13.699	2	137	389.121473684211
13.799	2	138	392.290526315789
13.899	3	139	395.459578947368
14.001	5	140	398.628631578947
14.099	3	141	401.797684210526
14.199	3	142	404.966736842105
14.299	1	143	408.135789473684
14.399	4	144	411.304842105263
14.501	2	145	414.473894736842
14.599	4	146	417.642947368421
14.699	3	147	420.812
14.799	1	148	423.981052631579
14.899	3	149	427.150105263158
15.001	5	150	430.319157894737
15.099	0	151	433.488210526316
15.199	2	152	436.657263157895
15.299	3	153	439.826315789474
15.399	1	154	442.995368421053
15.499	3	155	446.164421052632
15.6	3	156	449.333473684211
15.699	4	157	452.502526315789
15.799	1	158	455.671578947368
15.9	2	159	458.840631578947
15.999	5	160	462.009684210526
16.099	3	161	465.178736842105
16.199	4	162	468.347789473684
16.299	3	163	471.516842105263
16.401	5	164	474.685894736842
16.499	7	165	477.854947368421
16.599	6	166	481.024
16.699	1	167	484.193052631579
16.799	5	168	487.362105263158
16.901	0	169	490.531157894737
16.999	1	170	493.700210526316
17.099	1	171	496.869263157895
17.199	4	172	500.038315789474
17.299	3	173	503.207368421053
17.4	2	174	506.376421052632
17.499	1	175	509.54547368421
17.599	2	176	512.71452631579
17.699	1	177	515.883578947368
17.799	2	178	519.052631578947
17.899	4	179	522.221684210526
17.999	3	180	525.390736842105
18.099	3	181	528.559789473684
18.2	3	182	531.728842105263
18.299	4	183	534.897894736842
18.4	4	184	538.066947368421
18.499	5	185	541.236
18.6	6	186	544.405052631579
18.7	0	187	547.574105263158
18.801	0	188	550.743157894737
18.901	2	189	553.912210526316
19.001	1	190	557.081263157895
19.1	0	191	560.250315789474
19.2	1	192	563.419368421053
19.305	3	193	566.588421052632
19.4	0	194	569.75747368421
19.5	2	195	572.926526315789
19.6	2	196	576.095578947368
19.699	2	197	579.264631578947
19.8	0	198	582.433684210526
19.9	1	199	585.602736842105
20	4	200	588.771789473684
20.1	3	201	591.940842105263
20.201	0	202	595.109894736842
20.3	3	203	598.278947368421
20.399	1	204	601.448
20.5	0	205	604.617052631579
20.599	2	206	607.786105263158
20.699	0	207	610.955157894737
20.799	3	208	614.124210526316
20.899	2	209	617.293263157895
20.999	0	210	620.462315789474
21.1	2	211	623.631368421053
21.199	3	212	626.800421052632
21.302	4	213	629.96947368421
21.4	1	214	633.138526315789
21.499	2	215	636.307578947368
21.6	0	216	639.476631578947
21.699	0	217	642.645684210526
21.799	1	218	645.814736842105
21.9	2	219	648.983789473684
21.999	0	220	652.152842105263
22.099	0	221	655.321894736842
22.206	2	222	658.490947368421
22.299	1	223	661.66
22.4	2	224	664.829052631579
22.5	1	225	667.998105263158
22.601	3	226	671.167157894737
22.699	2	227	674.336210526316
22.8	2	228	677.505263157895
22.899	1	229	680.674315789474
22.999	3	230	683.843368421053
23.099	0	231	687.012421052632
23.199	2	232	690.18147368421
23.299	0	233	693.350526315789
23.399	3	234	696.519578947368
23.499	2	235	699.688631578947
23.599	0	236	702.857684210526
23.699	1	237	706.026736842105
23.799	1	238	709.195789473684
23.9	0	239	712.364842105263
23.999	2	240	715.533894736842
24.1	1	241	718.702947368421
24.199	0	242	721.872
24.299	1	243	725.041052631579
24.399	0	244	728.210105263158
24.5	2	245	731.379157894737
24.601	1	246	734.548210526316
24.7	1	247	737.717263157895
24.801	0	248	740.886315789474
24.9	0	249	744.055368421053
25.006	1	250	747.224421052632
25.1	3	251	750.39347368421
25.2	2	252	753.562526315789
25.299	0	253	756.731578947368
25.399	1	254	759.900631578947
25.499	1	255	763.069684210526
25.599	1	256	766.238736842105
25.7	1	257	769.407789473684
25.8	0	258	772.576842105263
25.9	1	259	775.745894736842
26	1	260	778.914947368421
26.1	0	261	782.084
26.2	1	262	785.253052631579
26.3	2	263	788.422105263158
26.4	1	264	791.591157894737
26.5	1	265	794.760210526316
26.601	1	266	797.929263157895
26.7	0	267	801.098315789474
26.806	0	268	804.267368421053
26.906	2	269	807.436421052632
27	1	270	810.60547368421
27.1	0	271	813.774526315789
27.2	0	272	816.943578947368
27.3	0	273	820.112631578947
27.4	0	274	823.281684210526
27.5	1	275	826.450736842105
27.6	1	276	829.619789473684
27.7	2	277	832.788842105263
27.799	1	278	835.957894736842
27.899	2	279	839.126947368421
27.999	3	280	842.296
28.099	0	281	845.465052631579
28.199	1	282	848.634105263158
28.299	1	283	851.803157894737
28.4	0	284	854.972210526316
28.499	0	285	858.141263157895
28.599	1	286	861.310315789474
28.699	0	287	864.479368421053
28.8	2	288	867.648421052632
28.9	0	289	870.81747368421
28.999	0	290	873.986526315789
29.099	1	291	877.155578947368
29.202	0	292	880.324631578947
29.301	1	293	883.493684210526
29.4	0	294	886.662736842105
29.501	0	295	889.831789473684
29.6	0	296	893.000842105263
29.702	0	297	896.169894736842
29.799	0	298	899.338947368421
29.899	1	299	902.508
29.999	0	300	905.677052631579
30.099	0	301	908.846105263158
30.201	0	302	912.015157894737
30.3	1	303	915.184210526316
30.4	0	304	918.353263157895
30.499	2	305	921.522315789474
30.6	0	306	924.691368421053
30.7	1	307	927.860421052632
30.8	1	308	931.02947368421
30.899	0	309	934.198526315789
31	0	310	937.367578947368
31.099	0	311	940.536631578947
31.201	0	312	943.705684210526
31.303	0	313	946.874736842105
31.401	0	314	950.043789473684
31.5	0	315	953.212842105263
31.6	0	316	956.381894736842
31.7	0	317	959.550947368421
31.8	1	318	962.72
31.9	0	319	965.889052631579
32	1	320	969.058105263158
32.1	0	321	972.227157894737
32.2	0	322	975.396210526316
32.3	0	323	978.565263157895
32.4	0	324	981.734315789474
32.501	0	325	984.903368421053
32.6	1	326	988.072421052632
32.7	0	327	991.241473684211
32.801	0	328	994.410526315789
32.9	0	329	997.579578947368
33.001	0	330	1000.74863157895
33.102	0	331	1003.91768421053
33.2	1	332	1007.08673684211
33.3	3	333	1010.25578947368
33.4	0	334	1013.42484210526
33.5	0	335	1016.59389473684
33.6	1	336	1019.76294736842
33.701	0	337	1022.932
33.8	1	338	1026.10105263158
33.9	1	339	1029.27010526316
34	0	340	1032.43915789474
34.1	1	341	1035.60821052632
34.201	0	342	1038.77726315789
34.3	0	343	1041.94631578947
34.401	0	344	1045.11536842105
34.501	0	345	1048.28442105263
34.6	0	346	1051.45347368421
34.7	1	347	1054.62252631579
34.8	0	348	1057.79157894737
34.9	1	349	1060.96063157895
34.999	0	350	1064.12968421053
35.099	0	351	1067.29873684211
35.2	0	352	1070.46778947368
35.3	1	353	1073.63684210526
35.401	0	354	1076.80589473684
35.5	0	355	1079.97494736842
35.603	0	356	1083.144
35.7	0	357	1086.31305263158
35.8	1	358	1089.48210526316
35.901	0	359	1092.65115789474
36.001	0	360	1095.82021052632
36.101	0	361	1098.98926315789
36.2	0	362	1102.15831578947
36.301	0	363	1105.32736842105
36.401	1	364	1108.49642105263
36.501	0	365	1111.66547368421
36.601	0	366	1114.83452631579
36.7	0	367	1118.00357894737
36.8	0	368	1121.17263157895
36.9	0	369	1124.34168421053
37.002	0	370	1127.51073684211
37.1	0	371	1130.67978947368
37.201	1	372	1133.84884210526
37.3	0	373	1137.01789473684
37.4	0	374	1140.18694736842
37.5	0	375	1143.356
37.6	0	376	1146.52505263158
37.7	1	377	1149.69410526316
37.8	1	378	1152.86315789474
37.9	0	379	1156.03221052632
38	0	380	1159.20126315789
38.099	0	381	1162.37031578947
38.199	0	382	1165.53936842105
38.299	0	383	1168.70842105263
38.399	0	384	1171.87747368421
38.499	0	385	1175.04652631579
38.6	0	386	1178.21557894737
38.701	0	387	1181.38463157895
38.803	0	388	1184.55368421053
38.9	0	389	1187.72273684211
39	0	390	1190.89178947368
39.101	0	391	1194.06084210526
39.2	0	392	1197.22989473684
39.3	0	393	1200.39894736842
39.4	0	394	1203.568
39.499	0	395	1206.73705263158
39.6	0	396	1209.90610526316
39.702	0	397	1213.07515789474
39.799	0	398	1216.24421052632
39.899	0	399	1219.41326315789
39.999	0	400	1222.58231578947
40.1	0	401	1225.75136842105
40.2	0	402	1228.92042105263
40.299	1	403	1232.08947368421
40.399	0	404	1235.25852631579
40.499	0	405	1238.42757894737
40.6	0	406	1241.59663157895
40.7	0	407	1244.76568421053
40.8	0	408	1247.93473684211
40.899	1	409	1251.10378947368
41	0	410	1254.27284210526
41.1	0	411	1257.44189473684
41.2	0	412	1260.61094736842
41.299	0	413	1263.78
41.399	0	414	1266.94905263158
41.499	0	415	1270.11810526316
41.599	0	416	1273.28715789474
41.699	0	417	1276.45621052632
41.799	0	418	1279.62526315789
41.899	0	419	1282.79431578947
42	0	420	1285.96336842105
42.099	0	421	1289.13242105263
42.199	0	422	1292.30147368421
42.3	0	423	1295.47052631579
42.401	0	424	1298.63957894737
42.5	0	425	1301.80863157895
42.6	0	426	1304.97768421053
42.701	0	427	1308.14673684211
42.8	0	428	1311.31578947368
42.9	0	429	1314.48484210526
42.999	0	430	1317.65389473684
43.099	0	431	1320.82294736842
43.199	0	432	1323.992
43.301	0	433	1327.16105263158
43.399	0	434	1330.33010526316
43.5	0	435	1333.49915789474
43.599	0	436	1336.66821052632
43.699	0	437	1339.83726315789
43.799	0	438	1343.00631578947
43.899	0	439	1346.17536842105
43.999	0	440	1349.34442105263
44.101	0	441	1352.51347368421
44.2	0	442	1355.68252631579
44.301	0	443	1358.85157894737
44.4	1	444	1362.02063157895
44.499	0	445	1365.18968421053
44.599	0	446	1368.35873684211
44.7	0	447	1371.52778947368
44.799	0	448	1374.69684210526
44.9	0	449	1377.86589473684
44.999	0	450	1381.03494736842
45.1	0	451	1384.204
45.2	0	452	1387.37305263158
45.299	0	453	1390.54210526316
45.399	1	454	1393.71115789474
45.499	0	455	1396.88021052632
45.599	0	456	1400.04926315789
45.699	0	457	1403.21831578947
45.799	0	458	1406.38736842105
45.899	0	459	1409.55642105263
46	0	460	1412.72547368421
46.1	0	461	1415.89452631579
46.199	0	462	1419.06357894737
46.299	0	463	1422.23263157895
46.399	0	464	1425.40168421053
46.499	0	465	1428.57073684211
46.599	0	466	1431.73978947368
46.699	0	467	1434.90884210526
46.8	1	468	1438.07789473684
46.899	0	469	1441.24694736842
47	0	470	1444.416
47.099	0	471	1447.58505263158
47.199	0	472	1450.75410526316
47.299	0	473	1453.92315789474
47.399	0	474	1457.09221052632
47.499	0	475	1460.26126315789
47.6	0	476	1463.43031578947
47.699	0	477	1466.59936842105
47.799	0	478	1469.76842105263
47.899	1	479	1472.93747368421
48	0	480	1476.10652631579
48.099	0	481	1479.27557894737
48.2	0	482	1482.44463157895
48.299	0	483	1485.61368421053
48.399	0	484	1488.78273684211
48.499	0	485	1491.95178947368
48.599	0	486	1495.12084210526
48.699	0	487	1498.28989473684
48.799	0	488	1501.45894736842
48.9	0	489	1504.628
49	0	490	1507.79705263158
49.101	0	491	1510.96610526316
49.2	0	492	1514.13515789474
49.299	0	493	1517.30421052632
49.399	0	494	1520.47326315789
49.499	0	495	1523.64231578947
49.6	0	496	1526.81136842105
49.699	0	497	1529.98042105263
49.799	0	498	1533.14947368421
49.9	0	499	1536.31852631579
49.999	0	500	1539.48757894737
50.099	0	501	1542.65663157895
50.199	0	502	1545.82568421053
50.299	0	503	1548.99473684211
50.399	0	504	1552.16378947368
50.499	0	505	1555.33284210526
50.599	0	506	1558.50189473684
50.699	0	507	1561.67094736842
50.799	0	508	1564.84
50.899	0	509	1568.00905263158
50.999	0	510	1571.17810526316
51.099	14	511	1574.34715789474
51.2			
51.299			
51.4			
51.5			
51.6			
51.7			
51.799			
51.899			
51.999			
52.099			
52.2			
52.299			
52.399			
52.499			
52.599			
52.7			
52.8			
52.9			
53			
53.1			
53.201			
53.3			
53.401			
53.5			
53.6			
53.701			
53.8			
53.9			
54			
54.1			
54.2			
54.3			
54.4			
54.499			
54.599			
54.699			
54.799			
54.899			
54.999			
55.101			
55.199			
55.299			
55.399			
55.5			
55.601			
55.7			
55.799			
55.899			
55.999			
56.101			
56.199			
56.299			
56.4			
56.499			
56.599			
56.701			
56.799			
56.899			
56.999			
57.099			
57.199			
57.299			
57.4			
57.5			
57.599			
57.699			
57.801			
57.899			
57.999			
58.1			
58.2			
58.3			
58.4			
58.5			
58.6			
58.7			
58.8			
58.9			
59			
59.099			
59.2			
59.299			
59.399			
59.501			
59.599			
59.7			
59.8			
59.9			
60			
60.101			
60.201			
60.301			
60.4			
60.5			
60.6			
60.699			
60.8			
60.899			
61			
61.1			
61.2			
61.301			
61.399			
61.499			
61.6			
61.7			
61.8			
61.901			
62			
62.099			
62.2			
62.3			
62.4			
62.5			
62.6			
62.7			
62.8			
62.9			
63.001			
63.101			
63.201			
63.3			
63.4			
63.5			
63.6			
63.7			
63.8			
63.9			
64			
64.1			
64.199			
64.299			
64.399			
64.499			
64.601			
64.699			
64.799			
64.9			
65.001			
65.1			
65.2			
65.3			
65.4			
65.5			
65.6			
65.7			
65.8			
65.9			
66			
66.1			
66.199			
66.3			
66.399			
66.499			
66.599			
66.699			
66.799			
66.899			
67			
67.099			
67.199			
67.299			
67.399			
67.5			
67.599			
67.699			
67.8			
67.9			
68			
68.1			
68.201			
68.3			
68.4			
68.499			
68.6			
68.699			
68.799			
68.899			
68.999			
69.099			
69.199			
69.299			
69.399			
69.499			
69.599			
69.699			
69.799			
69.9			
69.999			
70.099			
70.2			
70.3			
70.4			
70.5			
70.6			
70.7			
70.8			
70.899			
71			
71.101			
71.2			
71.3			
71.4			
71.501			
71.601			
71.7			
71.8			
71.9			
72			
72.1			
72.201			
72.3			
72.399			
72.5			
72.6			
72.7			
72.799			
72.9			
73			
73.099			
73.2			
73.301			
73.4			
73.499			
73.6			
73.699			
73.799			
73.899			
74.001			
74.1			
74.2			
74.3			
74.401			
74.5			
74.6			
74.701			
74.799			
74.9			
74.999			
75.1			
75.201			
75.3			
75.401			
75.5			
75.599			
75.699			
75.8			
75.9			
76			
76.101			
76.197			
76.3			
76.4			
76.499			
76.599			
76.699			
76.8			
76.9			
77			
77.1			
77.2			
77.3			
77.399			
77.5			
77.599			
77.699			
77.8			
77.9			
77.999			
78.101			
78.2			
78.3			
78.399			
78.501			
78.599			
78.699			
78.8			
78.901			
79			
79.1			
79.2			
79.3			
79.4			
79.5			
79.6			
79.699			
79.799			
79.899			
79.999			
80.099			
80.199			
80.299			
80.399			
80.5			
80.599			
80.699			
80.799			
80.899			
80.999			
81.099			
81.199			
81.3			
81.4			
81.499			
81.6			
81.7			
81.8			
81.9			
82			
82.1			
82.2			
82.301			
82.399			
82.5			
82.599			
82.699			
82.799			
82.899			
82.999			
83.1			
83.199			
83.299			
83.399			
83.499			
83.6			
83.699			
83.799			
83.899			
84			
84.1			
84.2			
84.3			
84.4			
84.5			
84.601			
84.7			
84.8			
84.901			
84.999			
85.099			
85.2			
85.299			
85.399			
85.499			
85.6			
85.699			
85.799			
85.9			
85.999			
86.099			
86.199			
86.3			
86.399			
86.499			
86.599			
86.7			
86.799			
86.899			
86.999			
87.1			
87.199			
87.3			
87.399			
87.499			
87.599			
87.699			
87.799			
87.899			
88			
88.099			
88.2			
88.299			
88.4			
88.499			
88.599			
88.701			
88.8			
88.9			
89			
89.101			
89.201			
89.3			
89.401			
89.501			
89.601			
89.7			
89.8			
89.9			
89.999			
90.1			
90.199			
90.3			
90.399			
90.499			
90.599			
90.699			
90.8			
90.899			
90.999			
91.099			
91.199			
91.299			
91.399			
91.499			
91.599			
91.699			
91.799			
91.899			
91.999			
92.1			
92.2			
92.299			
92.399			
92.5			
92.599			
92.699			
92.799			
92.9			
92.999			
93.099			
93.199			
93.3			
93.399			
93.499			
93.599			
93.7			
93.799			
93.899			
94.001			
94.099			
94.199			
94.3			
94.4			
94.5			
94.6			
94.7			
94.799			
94.9			
95			
95.1			
95.199			
95.3			
95.399			
95.499			
95.599			
95.699			
95.799			
95.899			
95.999			
96.101			
96.199			
96.299			
96.399			
96.499			
96.599			
96.699			
96.799			
96.899			
96.999			
97.1			
97.2			
97.3			
97.401			
97.501			
97.601			
97.7			
97.8			
97.901			
98			
98.1			
98.2			
98.299			
98.399			
98.5			
98.6			
98.7			
98.799			
98.899			
99			
99.099			
99.199			
99.299			
99.399			
99.499			
99.599			
99.699			
99.799			
99.9			
99.999			
MIN=
MAX=
SCALE=
DEC=
DEF=
MIN=
MAX=
SCALE=
DEC=
DEF=
