Voltage, ChA, Run #1
Time ( s )	Voltage ( V )
0.0000	0.014
0.1000	0.005
0.2000	-0.001
0.3000	0.009
0.4000	0.016
0.5000	0.005
0.6000	-6.104E-5
0.7000	0.011
0.8000	0.040
0.9000	0.121
1.0000	0.320
1.1000	0.493
1.2000	0.477
1.3000	0.458
1.4000	0.484
1.5000	0.440
1.6000	0.447
1.7000	0.442
1.8000	0.393
1.9000	0.394
2.0000	0.375
2.1000	0.341
2.2000	0.330
2.3000	0.291
2.4000	0.274
2.5000	0.256
2.6000	0.215
2.7000	0.199
2.8000	0.179
2.9000	0.150
3.0000	0.134
3.1000	0.110
3.2000	0.092
3.3000	0.079
3.4000	0.061
3.5000	0.046
3.6000	0.034
3.7000	0.024
3.8000	0.015
3.9000	-0.026
4.0000	0.007
4.1000	-0.013
4.2000	-0.022
4.3000	-0.016
4.4000	-0.005
4.5000	-0.038
4.6000	-0.042
4.7000	-0.061
4.8000	-0.023
4.9000	-0.065
5.0000	-0.076
5.1000	-0.118
5.2000	-0.067
5.3000	-0.096
5.4000	-0.119
5.5000	-0.186
5.6000	-0.132
5.7000	-0.140
5.8000	-0.162
5.9000	-0.253
6.0000	-0.219
6.1000	-0.199
6.2000	-0.209
6.3000	-0.306
6.4000	-0.293
6.5000	-0.265
6.6000	-0.249
6.7000	-0.342
6.8000	-0.360
6.9000	-0.328
7.0000	-0.278
7.1000	-0.366
7.2000	-0.390
7.3000	-0.372
7.4000	-0.302
7.5000	-0.364
7.6000	-0.396
7.7000	-0.388
7.8000	-0.311
7.9000	-0.344
8.0000	-0.368
8.1000	-0.382
8.2000	-0.300
8.3000	-0.313
8.4000	-0.327
8.5000	-0.350
8.6000	-0.270
8.7000	-0.262
8.8000	-0.269
8.9000	-0.282
9.0000	-0.228
9.1000	-0.202
9.2000	-0.199
9.3000	-0.213
9.4000	-0.172
9.5000	-0.144
9.6000	-0.136
9.7000	-0.141
9.8000	-0.117
9.9000	-0.093
10.0000	-0.080
10.1000	-0.083
10.2000	-0.068
10.3000	-0.051
10.4000	-0.041
10.5000	-0.040
10.6000	-0.031
10.7000	-0.022
10.8000	-0.015
10.9000	-0.013
11.0000	-0.009
11.1000	-0.004
11.2000	-0.001
11.3000	7.324E-4
11.4000	0.004
11.5000	0.004
11.6000	0.003
11.7000	0.005
11.8000	0.006
11.9000	0.005
12.0000	0.003
12.1000	0.003
12.2000	0.004
12.3000	0.004
12.4000	-6.104E-5
12.5000	5.493E-4
12.6000	0.002
12.7000	3.052E-4
12.8000	-0.003
12.9000	-0.002
13.0000	-4.273E-4
13.1000	-4.273E-4
13.2000	-0.002
13.3000	-0.001
13.4000	4.273E-4
13.5000	0.003
13.6000	0.004
13.7000	0.006
13.8000	0.009
13.9000	0.012
14.0000	0.017
14.1000	0.022
14.2000	0.026
14.3000	0.030
14.4000	0.039
14.5000	0.047
14.6000	0.054
14.7000	0.057
14.8000	0.069
14.9000	0.083
15.0000	0.088
15.1000	0.094
15.2000	0.106
15.3000	0.122
15.4000	0.132
15.5000	0.135
15.6000	0.146
15.7000	0.167
15.8000	0.176
15.9000	0.178
16.0000	0.184
16.1000	0.207
16.2000	0.218
16.3000	0.212
16.4000	0.218
16.5000	0.238
16.6000	0.246
16.7000	0.242
16.8000	0.239
16.9000	0.255
17.0000	0.265
17.1000	0.260
17.2000	0.258
17.3000	0.258
17.4000	0.269
17.5000	0.261
17.6000	0.250
17.7000	0.258
17.8000	0.267
17.9000	0.257
18.0000	0.246
18.1000	0.241
18.2000	0.250
18.3000	0.239
18.4000	0.226
18.5000	0.219
18.6000	0.221
18.7000	0.215
18.8000	0.203
18.9000	0.188
19.0000	0.192
19.1000	0.188
19.2000	0.170
19.3000	0.161
19.4000	0.161
19.5000	0.154
19.6000	0.141
19.7000	0.128
19.8000	0.125
19.9000	0.121
20.0000	0.109
20.1000	0.099
20.2000	0.094
20.3000	0.090
20.4000	0.081
20.5000	0.069
20.6000	0.065
20.7000	0.061
20.8000	0.053
20.9000	0.043
21.0000	0.038
21.1000	0.035
21.2000	0.029
21.3000	0.017
21.4000	0.014
21.5000	0.011
21.6000	0.006
21.7000	-0.007
21.8000	-0.010
21.9000	-0.013
22.0000	-0.019
22.1000	-0.029
22.2000	-0.034
22.3000	-0.035
22.4000	-0.043
22.5000	-0.050
22.6000	-0.060
22.7000	-0.064
22.8000	-0.067
22.9000	-0.076
23.0000	-0.085
23.1000	-0.087
23.2000	-0.092
23.3000	-0.101
23.4000	-0.112
23.5000	-0.113
23.6000	-0.114
23.7000	-0.128
23.8000	-0.135
23.9000	-0.134
24.0000	-0.139
24.1000	-0.149
24.2000	-0.154
24.3000	-0.158
24.4000	-0.161
24.5000	-0.166
24.6000	-0.174
24.7000	-0.177
24.8000	-0.179
24.9000	-0.181
25.0000	-0.189
25.1000	-0.190
25.2000	-0.187
25.3000	-0.189
25.4000	-0.200
25.5000	-0.200
25.6000	-0.189
25.7000	-0.194
25.8000	-0.200
25.9000	-0.192
26.0000	-0.195
26.1000	-0.195
26.2000	-0.192
26.3000	-0.190
26.4000	-0.190
26.5000	-0.186
26.6000	-0.185
26.7000	-0.178
26.8000	-0.178
26.9000	-0.170
27.0000	-0.169
27.1000	-0.171
27.2000	-0.155
27.3000	-0.160
27.4000	-0.151
27.5000	-0.147
27.6000	-0.146
27.7000	-0.132
27.8000	-0.135
27.9000	-0.128
28.0000	-0.119
28.1000	-0.115
28.2000	-0.106
28.3000	-0.109
28.4000	-0.102
28.5000	-0.091
28.6000	-0.093
28.7000	-0.084
28.8000	-0.073
28.9000	-0.069
29.0000	-0.067
29.1000	-0.065
29.2000	-0.058
29.3000	-0.053
29.4000	-0.050
29.5000	-0.044
29.6000	-0.042
29.7000	-0.038
29.8000	-0.034
29.9000	-0.030
30.0000	-0.026
30.1000	-0.025
30.2000	-0.017
30.3000	-0.017
30.4000	-0.017
30.5000	-0.009
30.6000	-0.007
30.7000	-0.006
30.8000	-0.003
30.9000	-4.273E-4
31.0000	0.005
31.1000	0.007
31.2000	0.009
31.3000	0.015
31.4000	0.017
31.5000	0.016
31.6000	0.025
31.7000	0.026
31.8000	0.028
31.9000	0.031
32.0000	0.035
32.1000	0.040
32.2000	0.042
32.3000	0.044
32.4000	0.050
32.5000	0.053
32.6000	0.055
32.7000	0.058
32.8000	0.063
32.9000	0.067
33.0000	0.070
33.1000	0.072
33.2000	0.078
33.3000	0.080
33.4000	0.083
33.5000	0.085
33.6000	0.087
33.7000	0.092
33.8000	0.094
33.9000	0.095
34.0000	0.098
34.1000	0.102
34.2000	0.101
34.3000	0.107
34.4000	0.105
34.5000	0.105
34.6000	0.112
34.7000	0.110
34.8000	0.109
34.9000	0.111
35.0000	0.113
35.1000	0.114
35.2000	0.108
35.3000	0.115
35.4000	0.115
35.5000	0.110
35.6000	0.113
35.7000	0.112
35.8000	0.105
35.9000	0.109
36.0000	0.108
36.1000	0.104
36.2000	0.102
36.3000	0.100
36.4000	0.101
36.5000	0.093
36.6000	0.092
36.7000	0.093
36.8000	0.086
36.9000	0.083
37.0000	0.084
37.1000	0.079
37.2000	0.074
37.3000	0.073
37.4000	0.068
37.5000	0.067
37.6000	0.061
37.7000	0.057
37.8000	0.053
37.9000	0.051
38.0000	0.051
38.1000	0.044
38.2000	0.038
38.3000	0.036
38.4000	0.034
38.5000	0.027
38.6000	0.024
38.7000	0.024
38.8000	0.016
38.9000	0.013
39.0000	0.012
39.1000	0.006
39.2000	-0.002
39.3000	-0.001
39.4000	-0.006
39.5000	-0.009
39.6000	-0.014
39.7000	-0.017
39.8000	-0.021
39.9000	-0.024
40.0000	-0.026
40.1000	-0.035
40.2000	-0.036
40.3000	-0.037
40.4000	-0.042
40.5000	-0.048
40.6000	-0.046
40.7000	-0.048
40.8000	-0.053
40.9000	-0.058
41.0000	-0.058
41.1000	-0.062
41.2000	-0.064
41.3000	-0.064
41.4000	-0.068
41.5000	-0.072
41.6000	-0.069
41.7000	-0.074
41.8000	-0.077
41.9000	-0.076
42.0000	-0.078
42.1000	-0.079
42.2000	-0.081
42.3000	-0.080
42.4000	-0.080
42.5000	-0.082
42.6000	-0.083
42.7000	-0.078
42.8000	-0.084
42.9000	-0.080
43.0000	-0.083
43.1000	-0.082
43.2000	-0.081
43.3000	-0.080
43.4000	-0.079
43.5000	-0.079
43.6000	-0.078
43.7000	-0.075
43.8000	-0.076
43.9000	-0.073
44.0000	-0.073
44.1000	-0.069
44.2000	-0.069
44.3000	-0.066
44.4000	-0.065
44.5000	-0.064
44.6000	-0.059
44.7000	-0.056
44.8000	-0.059
44.9000	-0.054
45.0000	-0.050
45.1000	-0.048
45.2000	-0.046
45.3000	-0.045
45.4000	-0.044
45.5000	-0.041
45.6000	-0.038
45.7000	-0.037
45.8000	-0.036
45.9000	-0.032
46.0000	-0.029
46.1000	-0.028
46.2000	-0.026
46.3000	-0.023
46.4000	-0.020
46.5000	-0.019
46.6000	-0.013
46.7000	-0.013
46.8000	-0.017
46.9000	-0.013
47.0000	-0.005
47.1000	-0.002
47.2000	-0.002
47.3000	-0.005
47.4000	4.273E-4
47.5000	0.009
47.6000	0.001
47.7000	0.008
47.8000	0.017
47.9000	0.007
48.0000	0.014
48.1000	0.024
48.2000	0.021
48.3000	0.025
48.4000	0.025
48.5000	0.032
48.6000	0.029
48.7000	0.033
48.8000	0.041
48.9000	0.036
49.0000	0.042
49.1000	0.046
49.2000	0.047
49.3000	0.050
49.4000	0.052
49.5000	0.051
49.6000	0.056
49.7000	0.061
49.8000	0.061
49.9000	0.064
50.0000	0.065
50.1000	0.069
50.2000	0.066
50.3000	0.068
50.4000	0.075
50.5000	0.074
50.6000	0.075
50.7000	0.073
50.8000	0.079
50.9000	0.075
51.0000	0.078
51.1000	0.080
51.2000	0.076
51.3000	0.082
51.4000	0.080
51.5000	0.079
51.6000	0.082
51.7000	0.081
51.8000	0.082
51.9000	0.080
52.0000	0.073
52.1000	0.083
52.2000	0.081
52.3000	0.077
52.4000	0.075
52.5000	0.071
52.6000	0.074
52.7000	0.071
52.8000	0.070
52.9000	0.071
53.0000	0.064
53.1000	0.060
53.2000	0.058
53.3000	0.057
53.4000	0.055
53.5000	0.060
53.6000	0.045
53.7000	0.054
53.8000	0.049
53.9000	0.037
54.0000	0.034
54.1000	0.037
54.2000	0.033
54.3000	0.028
54.4000	0.025
54.5000	0.020
54.6000	0.015
54.7000	0.011
54.8000	0.009
54.9000	0.010
55.0000	-4.883E-4
55.1000	0.004
55.2000	-0.004
55.3000	-0.008
55.4000	-0.008
55.5000	-0.010
55.6000	-0.019
55.7000	-0.019
55.8000	-0.024
55.9000	-0.024
56.0000	-0.028
56.1000	-0.030
56.2000	-0.034
56.3000	-0.036
56.4000	-0.042
56.5000	-0.040
56.6000	-0.046
56.7000	-0.044
56.8000	-0.051
56.9000	-0.049
57.0000	-0.053
57.1000	-0.054
57.2000	-0.057
57.3000	-0.057
57.4000	-0.062
57.5000	-0.062
57.6000	-0.063
57.7000	-0.064
57.8000	-0.066
57.9000	-0.064
58.0000	-0.069
58.1000	-0.068
58.2000	-0.070
58.3000	-0.069
58.4000	-0.069
58.5000	-0.069
58.6000	-0.069
58.7000	-0.068
58.8000	-0.071
58.9000	-0.068
59.0000	-0.071
59.1000	-0.069
59.2000	-0.069
59.3000	-0.072
59.4000	-0.069
59.5000	-0.064
59.6000	-0.065
59.7000	-0.065
59.8000	-0.063
59.9000	-0.059
60.0000	-0.061
60.1000	-0.059
60.2000	-0.055
60.3000	-0.057
60.4000	-0.058
60.5000	-0.050
60.6000	-0.047
60.7000	-0.051
60.8000	-0.046
60.9000	-0.040
61.0000	-0.044
61.1000	-0.042
61.2000	-0.035
61.3000	-0.035
61.4000	-0.030
61.5000	-0.030
61.6000	-0.028
61.7000	-0.026
61.8000	-0.022
61.9000	-0.022
62.0000	-0.020
62.1000	-0.019
62.2000	-0.013
62.3000	-0.010
62.4000	-0.012
62.5000	-0.006
62.6000	-0.005
62.7000	-0.004
62.8000	0.002
62.9000	0.001
63.0000	0.004
63.1000	0.005
63.2000	0.009
63.3000	0.011
63.4000	0.013
63.5000	0.014
63.6000	0.020
63.7000	0.014
63.8000	0.021
63.9000	0.023
64.0000	0.025
64.1000	0.029
64.2000	0.029
64.3000	0.030
64.4000	0.034
64.5000	0.037
64.6000	0.038
64.7000	0.035
64.8000	0.040
64.9000	0.039
65.0000	0.042
65.1000	0.044
65.2000	0.046
65.3000	0.045
65.4000	0.045
65.5000	0.045
65.6000	0.049
65.7000	0.046
65.8000	0.047
65.9000	0.050
66.0000	0.049
66.1000	0.051
66.2000	0.054
66.3000	0.053
66.4000	0.052
66.5000	0.051
66.6000	0.050
66.7000	0.052
66.8000	0.056
66.9000	0.053
67.0000	0.053
67.1000	0.052
67.2000	0.053
67.3000	0.053
67.4000	0.051
67.5000	0.050
67.6000	0.051
67.7000	0.049
67.8000	0.047
67.9000	0.045
68.0000	0.045
68.1000	0.046
68.2000	0.044
68.3000	0.041
68.4000	0.043
68.5000	0.037
68.6000	0.039
68.7000	0.035
68.8000	0.032
68.9000	0.034
69.0000	0.032
69.1000	0.031
69.2000	0.031
69.3000	0.028
69.4000	0.024
69.5000	0.022
69.6000	0.022
69.7000	0.019
69.8000	0.018
69.9000	0.016
70.0000	0.017
70.1000	0.010
70.2000	0.008
70.3000	0.008
70.4000	0.005
70.5000	0.004
70.6000	0.003
70.7000	1.831E-4
70.8000	-0.003
70.9000	-0.005
71.0000	-0.006
71.1000	-0.008
71.2000	-0.007
71.3000	-0.008
71.4000	-0.012
71.5000	-0.017
71.6000	-0.018
71.7000	-0.019
71.8000	-0.020
71.9000	-0.021
72.0000	-0.020
72.1000	-0.022
72.2000	-0.026
72.3000	-0.027
72.4000	-0.027
72.5000	-0.030
72.6000	-0.027
72.7000	-0.030
72.8000	-0.031
72.9000	-0.035
73.0000	-0.033
73.1000	-0.035
73.2000	-0.035
73.3000	-0.036
73.4000	-0.034
73.5000	-0.042
73.6000	-0.036
73.7000	-0.038
73.8000	-0.039
73.9000	-0.037
74.0000	-0.041
74.1000	-0.044
74.2000	-0.039
74.3000	-0.037
74.4000	-0.040
74.5000	-0.039
74.6000	-0.036
74.7000	-0.037
74.8000	-0.039
74.9000	-0.036
75.0000	-0.036
75.1000	-0.034
75.2000	-0.037
75.3000	-0.034
75.4000	-0.031
75.5000	-0.034
75.6000	-0.032
75.7000	-0.031
75.8000	-0.034
75.9000	-0.029
76.0000	-0.027
76.1000	-0.027
76.2000	-0.024
76.3000	-0.024
76.4000	-0.024
76.5000	-0.025
76.6000	-0.019
76.7000	-0.019
76.8000	-0.018
76.9000	-0.018
77.0000	-0.014
77.1000	-0.016
77.2000	-0.013
77.3000	-0.011
77.4000	-0.012
77.5000	-0.010
77.6000	-0.007
77.7000	-0.008
77.8000	-0.007
77.9000	-0.004
78.0000	7.935E-4
78.1000	-0.002
78.2000	7.935E-4
78.3000	0.002
78.4000	0.004
78.5000	0.004
78.6000	0.006
78.7000	0.005
78.8000	0.009
78.9000	0.012
79.0000	0.014
79.1000	0.013
79.2000	0.012
79.3000	0.017
79.4000	0.018
79.5000	0.019
79.6000	0.018
79.7000	0.021
79.8000	0.021
79.9000	0.023
80.0000	0.024
80.1000	0.026
80.2000	0.026
80.3000	0.026
80.4000	0.027
80.5000	0.030
80.6000	0.028
80.7000	0.031
80.8000	0.030
80.9000	0.031
81.0000	0.035
81.1000	0.034
81.2000	0.033
81.3000	0.033
81.4000	0.035
81.5000	0.034
81.6000	0.033
81.7000	0.035
81.8000	0.037
81.9000	0.033
82.0000	0.036
82.1000	0.037
82.2000	0.033
82.3000	0.035
82.4000	0.035
82.5000	0.033
82.6000	0.032
82.7000	0.033
82.8000	0.033
82.9000	0.032
83.0000	0.032
83.1000	0.034
83.2000	0.029
83.3000	0.027
83.4000	0.027
83.5000	0.027
83.6000	0.026
83.7000	0.028
83.8000	0.025
83.9000	0.023
84.0000	0.021
84.1000	0.023
84.2000	0.019
84.3000	0.019
84.4000	0.020
84.5000	0.018
84.6000	0.014
84.7000	0.015
84.8000	0.014
84.9000	0.011
85.0000	0.012
85.1000	0.012
85.2000	0.008
85.3000	0.007
85.4000	0.006
85.5000	0.004
85.6000	0.002
85.7000	0.003
85.8000	0.001
85.9000	-9.156E-4
86.0000	2.441E-4
86.1000	-4.273E-4
86.2000	-0.005
86.3000	-0.004
86.4000	-0.005
86.5000	-0.007
86.6000	-0.007
86.7000	-0.012
86.8000	-0.007
86.9000	-0.007
87.0000	-0.010
87.1000	-0.014
87.2000	-0.016
87.3000	-0.015
87.4000	-0.015
87.5000	-0.017
87.6000	-0.017
87.7000	-0.016
87.8000	-0.019
87.9000	-0.021
88.0000	-0.021
88.1000	-0.020
88.2000	-0.023
88.3000	-0.022
88.4000	-0.023
88.5000	-0.025
88.6000	-0.024
88.7000	-0.022
88.8000	-0.025
88.9000	-0.025
89.0000	-0.023
89.1000	-0.024
89.2000	-0.026
89.3000	-0.022
89.4000	-0.022
89.5000	-0.025
89.6000	-0.025
89.7000	-0.024
89.8000	-0.024
89.9000	-0.026
90.0000	-0.024
90.1000	-0.019
90.2000	-0.024
90.3000	-0.023
90.4000	-0.021
90.5000	-0.023
90.6000	-0.021
90.7000	-0.020
90.8000	-0.021
90.9000	-0.016
91.0000	-0.021
91.1000	-0.019
91.2000	-0.019
91.3000	-0.019
91.4000	-0.014
91.5000	-0.016
91.6000	-0.017
91.7000	-0.013
91.8000	-0.011
91.9000	-0.013
92.0000	-0.012
92.1000	-0.011
92.2000	-0.010
92.3000	-0.009
92.4000	-0.010
92.5000	-0.006
92.6000	-0.006
92.7000	-0.006
92.8000	-0.004
92.9000	-0.003
93.0000	-0.004
93.1000	-2.441E-4
93.2000	9.156E-4
93.3000	-0.001
93.4000	0.001
93.5000	0.005
93.6000	0.003
93.7000	0.004
93.8000	0.006
93.9000	0.006
94.0000	0.006
94.1000	0.010
94.2000	0.011
94.3000	0.010
94.4000	0.011
94.5000	0.013
94.6000	0.014
94.7000	0.012
94.8000	0.017
94.9000	0.017
95.0000	0.015
95.1000	0.017
95.2000	0.019
95.3000	0.017
95.4000	0.020
95.5000	0.021
95.6000	0.021
95.7000	0.021
95.8000	0.023
95.9000	0.021
96.0000	0.020
96.1000	0.023
96.2000	0.025
96.3000	0.021
96.4000	0.022
96.5000	0.026
96.6000	0.021
96.7000	0.025
96.8000	0.025
96.9000	0.023
97.0000	0.022
97.1000	0.023
97.2000	0.024
97.3000	0.024
97.4000	0.021
97.5000	0.028
97.6000	0.022
97.7000	0.020
97.8000	0.025
97.9000	0.021
98.0000	0.020
98.1000	0.020
98.2000	0.019
98.3000	0.019
98.4000	0.017
98.5000	0.020
98.6000	0.017
98.7000	0.015
98.8000	0.015
98.9000	0.015
99.0000	0.015
99.1000	0.015
99.2000	0.013
99.3000	0.012
99.4000	0.011
99.5000	0.015
99.6000	0.011
99.7000	0.008
99.8000	0.011
99.9000	0.009
100.0000	0.005
100.1000	0.007
100.2000	0.005
100.3000	0.006
100.4000	0.004
100.5000	0.005
100.6000	0.002
100.7000	-6.714E-4
100.8000	3.662E-4
100.9000	-0.002
101.0000	-0.002
101.1000	-0.001
101.2000	-0.003
101.3000	-0.004
101.4000	-0.005
101.5000	-0.005
101.6000	-0.005
101.7000	-0.005
101.8000	-0.012
101.9000	-0.008
102.0000	-0.011
102.1000	-0.009
102.2000	-0.012
102.3000	-0.011
102.4000	-0.013
102.5000	-0.011
102.6000	-0.011
102.7000	-0.017
102.8000	-0.015
102.9000	-0.014
103.0000	-0.015
103.1000	-0.017
103.2000	-0.018
103.3000	-0.016
103.4000	-0.015
103.5000	-0.018
103.6000	-0.017
103.7000	-0.019
103.8000	-0.018
103.9000	-0.019
104.0000	-0.017
104.1000	-0.018
104.2000	-0.018
104.3000	-0.018
104.4000	-0.016
104.5000	-0.020
104.6000	-0.016
104.7000	-0.016
104.8000	-0.019
104.9000	-0.016
105.0000	-0.017
105.1000	-0.017
105.2000	-0.015
105.3000	-0.013
105.4000	-0.016
105.5000	-0.016
105.6000	-0.013
105.7000	-0.015
105.8000	-0.013
105.9000	-0.013
106.0000	-0.012
106.1000	-0.011
106.2000	-0.012
106.3000	-0.010
106.4000	-0.014
106.5000	-0.012
106.6000	-0.010
106.7000	-0.012
106.8000	-0.012
106.9000	-0.004
107.0000	-0.005
107.1000	-0.004
107.2000	-0.005
107.3000	-0.004
107.4000	-0.003
107.5000	-0.004
107.6000	-9.156E-4
107.7000	-0.002
107.8000	-8.545E-4
107.9000	-6.714E-4
108.0000	0.003
108.1000	0.002
108.2000	0.007
108.3000	0.004
108.4000	0.003
108.5000	0.005
108.6000	0.006
108.7000	0.007
108.8000	0.005
108.9000	0.008
109.0000	0.010
109.1000	0.006
109.2000	0.011
109.3000	0.013
109.4000	0.010
109.5000	0.012
109.6000	0.016
109.7000	0.011
109.8000	0.015
109.9000	0.016
110.0000	0.016
110.1000	0.016
110.2000	0.017
110.3000	0.017
110.4000	0.018
110.5000	0.015
110.6000	0.019
110.7000	0.016
110.8000	0.016
110.9000	0.018
111.0000	0.016
111.1000	0.012
111.2000	0.019
111.3000	0.017
111.4000	0.019
111.5000	0.017
111.6000	0.018
111.7000	0.017
111.8000	0.013
111.9000	0.016
112.0000	0.017
112.1000	0.017
112.2000	0.019
112.3000	0.016
112.4000	0.015
112.5000	0.015
112.6000	0.015
112.7000	0.015
112.8000	0.016
112.9000	0.016
113.0000	0.015
113.1000	0.015
113.2000	0.010
113.3000	0.013
113.4000	0.010
113.5000	0.010
113.6000	0.013
113.7000	0.008
113.8000	0.008
113.9000	0.008
114.0000	0.010
114.1000	0.009
114.2000	0.007
114.3000	0.008
114.4000	0.006
114.5000	0.003
114.6000	0.004
114.7000	0.005
114.8000	0.002
114.9000	9.766E-4
115.0000	0.002
115.1000	6.104E-4
115.2000	0.003
115.3000	-5.493E-4
115.4000	-9.156E-4
115.5000	-0.002
115.6000	-0.005
115.7000	-0.003
115.8000	-0.003
115.9000	-0.008
116.0000	-0.004
116.1000	-0.005
116.2000	-0.008
116.3000	-0.007
116.4000	-0.007
116.5000	-0.011
116.6000	-0.008
116.7000	-0.008
116.8000	-0.008
116.9000	-0.011
117.0000	-0.011
117.1000	-0.008
117.2000	-0.014
117.3000	-0.013
117.4000	-0.012
117.5000	-0.011
117.6000	-0.012
117.7000	-0.010
117.8000	-0.012
117.9000	-0.012
118.0000	-0.011
118.1000	-0.011
118.2000	-0.012
118.3000	-0.014
118.4000	-0.010
118.5000	-0.014
118.6000	-0.014
118.7000	-0.011
118.8000	-0.009
118.9000	-0.014
119.0000	-0.014
119.1000	-0.013
119.2000	-0.012
119.3000	-0.010
119.4000	-0.008
119.5000	-0.010
119.6000	-0.012
119.7000	-0.009
119.8000	-0.011
119.9000	-0.009
120.0000	-0.008
120.1000	-0.008
120.2000	-0.011
120.3000	-0.007
120.4000	-0.004
120.5000	-0.006
120.6000	-0.007
120.7000	-0.004
120.8000	-0.006
120.9000	-0.005
121.0000	-0.004
121.1000	-0.001
121.2000	-0.002
121.3000	-0.004
121.4000	-6.714E-4
121.5000	-0.001
121.6000	-4.273E-4
121.7000	0.002
121.8000	-7.324E-4
121.9000	7.324E-4
122.0000	0.001
122.1000	-8.545E-4
122.2000	-8.545E-4
122.3000	0.001
122.4000	0.007
122.5000	0.003
122.6000	0.002
122.7000	0.003
122.8000	0.005
122.9000	0.002
123.0000	0.005
123.1000	0.003
123.2000	0.006
123.3000	0.007
123.4000	0.006
123.5000	0.007
123.6000	0.006
123.7000	0.008
123.8000	0.008
123.9000	0.008
124.0000	0.011
124.1000	0.010
124.2000	0.007
124.3000	0.008
124.4000	0.011
124.5000	0.011
124.6000	0.011
124.7000	0.010
124.8000	0.010
124.9000	0.013
125.0000	0.010
125.1000	0.016
125.2000	0.011
125.3000	0.012
125.4000	0.012
125.5000	0.012
125.6000	0.010
125.7000	0.010
125.8000	0.014
125.9000	0.011
126.0000	0.012
126.1000	0.014
126.2000	0.013
126.3000	0.009
126.4000	0.012
126.5000	0.012
126.6000	0.012
126.7000	0.011
126.8000	0.011
126.9000	0.011
127.0000	0.008
127.1000	0.010
127.2000	0.009
127.3000	0.010
127.4000	0.009
127.5000	0.010
127.6000	0.009
127.7000	0.008
127.8000	0.009
127.9000	0.007
128.0000	0.004
128.1000	0.010
128.2000	0.006
128.3000	0.005
128.4000	0.004
128.5000	0.005
128.6000	0.006
128.7000	0.002
128.8000	0.003
128.9000	0.006
129.0000	-0.002
129.1000	0.004
129.2000	0.002
129.3000	-7.324E-4
129.4000	4.883E-4
129.5000	0.001
129.6000	-1.221E-4
129.7000	-0.002
129.8000	-0.003
129.9000	6.714E-4
130.0000	-0.004
130.1000	-9.156E-4
130.2000	-0.002
130.3000	-0.005
130.4000	-0.003
130.5000	-0.002
130.6000	-0.005
130.7000	-0.003
130.8000	-0.002
130.9000	-0.006
131.0000	-0.005
131.1000	-0.005
131.2000	-0.005
131.3000	-0.005
131.4000	-0.005
131.5000	-0.007
131.6000	-0.008
131.7000	-0.008
131.8000	-0.006
131.9000	-0.009
132.0000	-0.009
132.1000	-0.007
132.2000	-0.006
132.3000	-0.009
132.4000	-0.006
132.5000	-0.007
132.6000	-0.009
132.7000	-0.008
132.8000	-0.009
132.9000	-0.009
133.0000	-0.008
133.1000	-0.007
133.2000	-0.007
133.3000	-0.006
133.4000	-0.010
133.5000	-0.007
133.6000	-0.009
133.7000	-0.007
133.8000	-0.006
133.9000	-0.005
134.0000	-0.008
134.1000	-0.006
134.2000	-0.005
134.3000	-0.007
134.4000	-0.006
134.5000	-0.006
134.6000	-0.005
134.7000	-0.005
134.8000	-0.005
134.9000	-0.004
135.0000	-0.005
135.1000	-0.002
135.2000	-0.004
135.3000	-0.004
135.4000	-0.003
135.5000	-0.002
135.6000	-0.002
135.7000	-0.002
135.8000	-0.002
135.9000	-0.001
136.0000	-0.001
136.1000	-0.002
136.2000	-2.441E-4
136.3000	-0.002
136.4000	0.003
136.5000	4.273E-4
136.6000	3.662E-4
136.7000	0.002
136.8000	-0.002
136.9000	0.003
137.0000	0.004
137.1000	0.004
137.2000	0.004
137.3000	0.003
137.4000	0.003
137.5000	0.004
137.6000	0.005
137.7000	0.006
137.8000	0.004
137.9000	0.006
138.0000	0.007
138.1000	0.004
138.2000	0.007
138.3000	0.009
138.4000	0.006
138.5000	0.006
138.6000	0.009
138.7000	0.005
138.8000	0.007
138.9000	0.010
139.0000	0.006
139.1000	0.009
139.2000	0.007
139.3000	0.008
139.4000	0.008
139.5000	0.007
139.6000	0.010
139.7000	0.010
139.8000	0.007
139.9000	0.011
140.0000	0.009
140.1000	0.007
140.2000	0.012
140.3000	0.008
140.4000	0.010
140.5000	0.009
140.6000	0.008
140.7000	0.012
140.8000	0.008
140.9000	0.009
141.0000	0.011
141.1000	0.006
141.2000	0.011
141.3000	0.012
141.4000	0.005
141.5000	0.010
141.6000	0.010
141.7000	0.007
141.8000	0.010
141.9000	0.009
142.0000	0.010
142.1000	0.007
142.2000	0.005
142.3000	0.009
142.4000	0.004
142.5000	0.003
142.6000	0.008
142.7000	0.006
142.8000	0.003
142.9000	0.008
143.0000	0.003
143.1000	0.003
143.2000	0.006
143.3000	0.003
143.4000	0.004
143.5000	0.001
143.6000	0.003
143.7000	0.001
143.8000	9.766E-4
143.9000	0.005
144.0000	0.002
144.1000	-0.002
144.2000	0.003
144.3000	0.001
144.4000	0.000
144.5000	0.001
144.6000	-0.001
144.7000	7.324E-4
144.8000	-0.001
144.9000	-9.156E-4
145.0000	-0.001
145.1000	-0.003
145.2000	0.001
145.3000	-7.935E-4
145.4000	-0.004
145.5000	-2.441E-4
145.6000	0.001
145.7000	-0.003
145.8000	-0.003
145.9000	-0.001
146.0000	-0.003
146.1000	-7.324E-4
146.2000	-0.004
146.3000	-0.003
146.4000	-0.003
146.5000	-0.001
146.6000	-0.005
146.7000	-0.003
146.8000	-0.005
146.9000	-0.003
147.0000	-0.003
147.1000	-0.005
147.2000	-0.006
147.3000	-0.003
147.4000	-0.005
147.5000	-0.004
147.6000	-0.004
147.7000	-0.005
147.8000	-0.005
147.9000	-0.004
148.0000	-0.004
148.1000	-0.003
148.2000	-0.005
148.3000	-0.003
148.4000	-0.005
148.5000	-0.005
148.6000	-0.004
148.7000	-0.006
148.8000	-0.004
148.9000	-0.004
149.0000	-0.005
149.1000	-0.005
149.2000	-0.004
149.3000	-0.004
149.4000	-0.003
149.5000	-0.002
149.6000	-0.005
149.7000	-0.002
149.8000	-0.005
149.9000	-0.005
150.0000	-0.001
150.1000	-0.003
150.2000	-0.002
150.3000	-7.324E-4
150.4000	-0.003
150.5000	-0.002
150.6000	-0.001
150.7000	-0.002
150.8000	-0.001
150.9000	-6.104E-4
151.0000	-0.002
151.1000	-1.221E-4
151.2000	-0.002
151.3000	7.935E-4
151.4000	0.003
151.5000	-0.002
151.6000	-3.662E-4
151.7000	0.002
151.8000	1.831E-4
151.9000	9.156E-4
152.0000	0.002
152.1000	0.003
152.2000	7.935E-4
152.3000	0.004
152.4000	0.002
152.5000	6.104E-5
152.6000	0.003
152.7000	0.003
152.8000	0.003
152.9000	0.002
153.0000	0.006
153.1000	0.004
153.2000	0.004
153.3000	0.006
153.4000	0.007
153.5000	0.002
153.6000	0.006
153.7000	0.005
153.8000	0.005
153.9000	0.005
154.0000	0.008
154.1000	0.007
154.2000	0.007
154.3000	0.005
154.4000	0.007
154.5000	0.006
154.6000	0.006
154.7000	0.008
154.8000	0.007
154.9000	0.004
155.0000	0.010
155.1000	0.003
155.2000	0.009
155.3000	0.010
155.4000	0.012
155.5000	0.006
155.6000	0.009
155.7000	0.008
155.8000	0.008
155.9000	0.006
156.0000	0.007
156.1000	0.008
156.2000	0.008
156.3000	0.005
156.4000	0.009
156.5000	0.004
156.6000	0.006
156.7000	0.006
156.8000	0.007
156.9000	0.008
157.0000	0.006
157.1000	0.003
157.2000	0.006
157.3000	0.004
157.4000	0.004
157.5000	7.324E-4
157.6000	0.004
157.7000	0.005
157.8000	0.004
157.9000	0.002
158.0000	0.005
158.1000	0.003
158.2000	0.003
158.3000	0.004
158.4000	0.002
158.5000	6.714E-4
158.6000	0.002
158.7000	-9.766E-4
158.8000	0.002
158.9000	3.662E-4
159.0000	0.002
159.1000	6.714E-4
159.2000	1.221E-4
159.3000	-0.001
159.4000	1.831E-4
159.5000	-0.002
159.6000	-0.002
159.7000	-6.714E-4
159.8000	-0.001
159.9000	-0.003
160.0000	-0.004
160.1000	-0.003
160.2000	-0.003
160.3000	-0.004
160.4000	-0.004
160.5000	-0.004
160.6000	-0.006
160.7000	-0.003
160.8000	-0.003
160.9000	-0.007
161.0000	-0.003
161.1000	-2.441E-4
161.2000	-0.005
161.3000	-0.007
161.4000	-0.005
161.5000	-0.004
161.6000	-0.003
161.7000	-0.005
161.8000	-0.003
161.9000	-0.006
162.0000	-0.006
162.1000	-0.002
162.2000	-0.006
162.3000	-0.005
162.4000	-0.004
162.5000	-0.003
162.6000	-0.004
162.7000	-0.003
162.8000	-0.003
162.9000	-0.002
163.0000	-0.004
163.1000	-0.002
163.2000	-0.004
163.3000	-0.003
163.4000	-0.002
163.5000	8.545E-4
163.6000	-0.002
163.7000	-0.001
163.8000	5.493E-4
163.9000	-3.052E-4
164.0000	-0.004
164.1000	3.662E-4
164.2000	-0.002
164.3000	-0.001
164.4000	-0.001
164.5000	0.001
164.6000	-0.002
164.7000	0.002
164.8000	0.001
164.9000	0.002
165.0000	-0.004
165.1000	0.003
165.2000	0.004
165.3000	0.001
165.4000	0.002
165.5000	0.004
165.6000	0.001
165.7000	0.003
165.8000	0.006
165.9000	0.002
166.0000	0.002
166.1000	0.005
166.2000	0.005
166.3000	0.003
166.4000	0.004
166.5000	0.006
166.6000	0.003
166.7000	0.007
166.8000	0.005
166.9000	0.007
167.0000	0.005
167.1000	0.006
167.2000	0.007
167.3000	0.005
167.4000	0.008
167.5000	0.011
167.6000	0.007
167.7000	0.006
167.8000	0.009
167.9000	0.007
168.0000	0.005
168.1000	0.009
168.2000	0.008
168.3000	0.006
168.4000	0.009
168.5000	0.010
168.6000	0.008
168.7000	0.009
168.8000	0.009
168.9000	0.007
169.0000	0.005
169.1000	0.007
169.2000	0.008
169.3000	0.007
169.4000	0.007
169.5000	0.009
169.6000	0.007
169.7000	0.009
169.8000	0.008
169.9000	0.004
170.0000	0.006
170.1000	0.007
170.2000	0.009
170.3000	0.006
170.4000	0.009
170.5000	0.007
170.6000	0.006
170.7000	0.006
170.8000	0.008
170.9000	0.006
171.0000	0.003
171.1000	0.007
171.2000	0.004
171.3000	0.005
171.4000	0.007
171.5000	0.007
171.6000	0.004
171.7000	0.006
171.8000	0.004
171.9000	0.006
172.0000	-6.714E-4
172.1000	0.003
172.2000	0.002
172.3000	0.004
172.4000	0.002
172.5000	0.003
172.6000	6.104E-5
172.7000	9.766E-4
172.8000	0.001
172.9000	0.003
173.0000	-7.935E-4
173.1000	0.001
173.2000	0.003
173.3000	0.003
173.4000	-1.831E-4
173.5000	0.003
173.6000	0.003
173.7000	-3.052E-4
173.8000	7.935E-4
173.9000	-3.662E-4
174.0000	-4.273E-4
174.1000	0.002
174.2000	4.273E-4
174.3000	0.001
174.4000	1.221E-4
174.5000	0.001
174.6000	0.002
174.7000	-0.001
174.8000	-1.831E-4
174.9000	0.003
175.0000	0.001
175.1000	9.156E-4
175.2000	-0.001
175.3000	6.104E-4
175.4000	0.001
175.5000	0.001
175.6000	9.156E-4
175.7000	-0.001
175.8000	-0.002
175.9000	0.002
176.0000	6.104E-5
176.1000	-0.003
176.2000	7.935E-4
176.3000	3.662E-4
176.4000	-6.104E-4
176.5000	1.221E-4
176.6000	0.002
176.7000	-8.545E-4
176.8000	0.002
176.9000	-6.714E-4
177.0000	-6.104E-4
177.1000	-0.004
177.2000	0.002
177.3000	-3.662E-4
177.4000	-0.003
177.5000	6.714E-4
177.6000	0.001
177.7000	-0.001
177.8000	9.766E-4
177.9000	6.104E-5
178.0000	-0.003
178.1000	0.001
178.2000	4.273E-4
178.3000	0.003
178.4000	-0.003
178.5000	0.003
178.6000	0.002
178.7000	-0.003
178.8000	-7.324E-4
178.9000	0.004
179.0000	3.662E-4
179.1000	-6.104E-4
179.2000	0.003
179.3000	0.002
179.4000	0.002
179.5000	1.221E-4
179.6000	0.002
179.7000	0.002
179.8000	-1.831E-4
179.9000	0.003
180.0000	0.004
180.1000	-8.545E-4
180.2000	0.002
180.3000	3.662E-4
180.4000	0.001
180.5000	-1.831E-4
180.6000	0.003
180.7000	0.004
180.8000	0.003
180.9000	0.002
181.0000	0.002
181.1000	0.002
181.2000	0.006
181.3000	0.003
181.4000	7.935E-4
181.5000	0.003
181.6000	0.007
181.7000	0.002
181.8000	0.003
181.9000	0.006
182.0000	0.005
182.1000	0.004
182.2000	0.002
182.3000	0.003
182.4000	0.007
182.5000	0.003
182.6000	0.005
182.7000	0.007
182.8000	0.002
182.9000	0.008
183.0000	0.004
183.1000	0.004
183.2000	0.004
183.3000	0.005
183.4000	0.002
183.5000	0.005
183.6000	0.002
183.7000	0.005
183.8000	0.003
183.9000	0.003
184.0000	0.005
184.1000	0.003
184.2000	0.004
184.3000	0.008
184.4000	0.004
184.5000	7.324E-4
184.6000	0.001
184.7000	0.003
184.8000	0.007
184.9000	7.935E-4
185.0000	0.004
185.1000	0.002
185.2000	4.883E-4
185.3000	0.002
185.4000	0.002
185.5000	0.002
185.6000	0.005
185.7000	8.545E-4
185.8000	0.001
185.9000	4.273E-4
186.0000	0.001
186.1000	0.003
186.2000	-0.002
186.3000	0.002
186.4000	9.766E-4
186.5000	4.273E-4
186.6000	-0.002
186.7000	0.002
186.8000	4.273E-4
186.9000	0.004
187.0000	0.002
187.1000	-1.221E-4
187.2000	-0.003
187.3000	0.002
187.4000	-0.002
187.5000	0.002
187.6000	-0.001
187.7000	0.003
187.8000	-0.004
187.9000	-3.052E-4
188.0000	0.003
188.1000	-9.156E-4
188.2000	-0.003
188.3000	0.001
188.4000	-0.002
188.5000	-6.714E-4
188.6000	-0.002
188.7000	0.003
188.8000	-0.003
188.9000	0.002
189.0000	-0.004
189.1000	0.001
189.2000	-0.003
189.3000	-3.052E-4
189.4000	-0.003
189.5000	-7.324E-4
189.6000	-0.002
189.7000	0.002
189.8000	-0.006
189.9000	0.003
190.0000	-3.052E-4
190.1000	-3.662E-4
190.2000	-0.004
190.3000	0.003
190.4000	-0.002
190.5000	0.005
190.6000	2.441E-4
190.7000	0.002
190.8000	-0.003
190.9000	0.002
191.0000	-1.221E-4
191.1000	-1.831E-4
191.2000	-0.003
191.3000	0.003
191.4000	-6.104E-4
191.5000	-7.324E-4
191.6000	-0.002
191.7000	0.002
191.8000	-1.831E-4
191.9000	-0.001
192.0000	-0.001
192.1000	0.003
192.2000	-0.002
192.3000	0.003
192.4000	3.052E-4
192.5000	0.001
192.6000	0.001
192.7000	0.002
192.8000	7.935E-4
192.9000	0.002
193.0000	0.002
193.1000	0.004
193.2000	0.002
193.3000	0.003
193.4000	0.003
193.5000	0.002
193.6000	0.006
193.7000	0.005
193.8000	0.004
193.9000	0.003
194.0000	0.007
194.1000	0.004
194.2000	0.004
194.3000	0.005
194.4000	0.006
194.5000	0.006
194.6000	0.004
194.7000	0.004
194.8000	0.003
194.9000	0.006
195.0000	0.007
195.1000	0.006
195.2000	0.006
195.3000	0.006
195.4000	0.003
195.5000	0.006
195.6000	0.004
195.7000	0.006
195.8000	0.006
195.9000	0.004
196.0000	0.003
196.1000	0.006
196.2000	0.004
196.3000	0.004
196.4000	0.007
196.5000	0.005
196.6000	0.002
196.7000	0.002
196.8000	0.002
196.9000	0.002
197.0000	0.002
197.1000	0.003
197.2000	0.002
197.3000	0.001
197.4000	0.003
197.5000	0.003
197.6000	-0.001
197.7000	0.001
197.8000	0.004
197.9000	0.002
198.0000	7.935E-4
198.1000	0.002
198.2000	8.545E-4
198.3000	-0.003
198.4000	9.766E-4
198.5000	-6.714E-4
198.6000	-1.831E-4
198.7000	0.002
198.8000	8.545E-4
198.9000	-6.104E-4
199.0000	-0.003
199.1000	-9.156E-4
199.2000	6.104E-5
199.3000	-0.004
199.4000	-0.002
199.5000	5.493E-4
199.6000	-0.002
199.7000	-0.002
199.8000	0.002
199.9000	-0.004
200.0000	-0.001
200.1000	9.766E-4
200.2000	9.156E-4
200.3000	-0.003
200.4000	-0.006
200.5000	-0.002
200.6000	-0.001
200.7000	-0.005
200.8000	0.002
200.9000	-0.003
201.0000	-0.006
201.1000	-6.714E-4
201.2000	-0.004
201.3000	-0.005
201.4000	-4.883E-4
201.5000	-0.004
201.6000	-0.002
201.7000	-0.002
201.8000	-0.004
201.9000	-0.005
202.0000	-0.005
202.1000	-4.273E-4
202.2000	-0.004
202.3000	-0.006
202.4000	-0.004
202.5000	-0.003
202.6000	-0.005
202.7000	-0.004
202.8000	-0.001
202.9000	-0.004
203.0000	-0.005
203.1000	-0.004
203.2000	-0.004
203.3000	-0.004
203.4000	-0.004
203.5000	-0.004
203.6000	-0.004
203.7000	-0.003
203.8000	-0.002
203.9000	-0.004
204.0000	-0.002
204.1000	-7.324E-4
204.2000	-0.005
204.3000	-0.002
204.4000	-0.002
204.5000	-0.005
204.6000	-6.104E-5
204.7000	-1.831E-4
204.8000	-0.002
204.9000	-6.714E-4
205.0000	-0.001
205.1000	6.714E-4
205.2000	-0.001
205.3000	-7.935E-4
205.4000	-7.935E-4
205.5000	0.002
205.6000	4.273E-4
205.7000	-6.714E-4
205.8000	-6.104E-5
205.9000	0.003
206.0000	1.221E-4
206.1000	0.001
206.2000	1.831E-4
206.3000	7.935E-4
206.4000	0.002
206.5000	0.002
206.6000	0.001
206.7000	0.002
206.8000	0.002
206.9000	5.493E-4
207.0000	0.002
207.1000	0.004
207.2000	0.004
207.3000	0.002
207.4000	9.766E-4
207.5000	0.005
207.6000	0.004
207.7000	0.002
207.8000	0.005
207.9000	0.005
208.0000	0.001
208.1000	0.003
208.2000	0.006
208.3000	0.005
208.4000	0.005
208.5000	0.005
208.6000	0.004
208.7000	0.004
208.8000	0.003
208.9000	0.003
209.0000	0.005
209.1000	0.004
209.2000	0.005
209.3000	0.006
209.4000	0.003
209.5000	0.004
209.6000	0.008
209.7000	0.006
209.8000	0.006
209.9000	0.008
210.0000	0.005
210.1000	0.006
210.2000	0.007
210.3000	0.007
210.4000	0.007
210.5000	0.007
210.6000	0.008
210.7000	0.004
210.8000	0.006
210.9000	0.010
211.0000	0.007
211.1000	0.008
211.2000	0.008
211.3000	0.008
211.4000	0.008
211.5000	0.009
211.6000	0.009
211.7000	0.006
211.8000	0.008
211.9000	0.012
212.0000	0.006
212.1000	0.008
212.2000	0.012
212.3000	0.008
212.4000	0.008
212.5000	0.006
212.6000	0.007
212.7000	0.008
212.8000	0.008
212.9000	0.010
213.0000	0.007
213.1000	0.006
213.2000	0.010
213.3000	0.004
213.4000	0.007
213.5000	0.005
213.6000	0.007
213.7000	0.004
213.8000	0.004
213.9000	0.005
214.0000	0.006
214.1000	0.003
214.2000	0.006
214.3000	0.005
214.4000	-0.001
214.5000	0.005
214.6000	0.001
214.7000	6.714E-4
214.8000	0.004
214.9000	6.104E-5
215.0000	4.273E-4
215.1000	0.002
215.2000	-3.052E-4
215.3000	0.003
215.4000	-9.156E-4
215.5000	6.714E-4
215.6000	0.002
215.7000	-0.002
215.8000	0.002
215.9000	-0.003
216.0000	-0.002
216.1000	-0.002
216.2000	-0.002
216.3000	-0.002
216.4000	-0.003
216.5000	-0.004
216.6000	-0.002
216.7000	-0.004
216.8000	-0.004
216.9000	-0.004
217.0000	-0.006
217.1000	-0.004
217.2000	-0.003
217.3000	-0.006
217.4000	-0.005
217.5000	-0.006
217.6000	-0.006
217.7000	-0.004
217.8000	-0.006
217.9000	-0.004
218.0000	-0.005
218.1000	-0.005
218.2000	-0.005
218.3000	-0.005
218.4000	-0.006
218.5000	-0.004
218.6000	-0.004
218.7000	-0.005
218.8000	-0.006
218.9000	-0.004
219.0000	-0.004
219.1000	-0.005
219.2000	-0.006
219.3000	-0.002
219.4000	-0.005
219.5000	-0.004
219.6000	-0.005
219.7000	-0.005
219.8000	-0.005
219.9000	-0.003
220.0000	-0.002
220.1000	-0.005
220.2000	-0.002
220.3000	-6.714E-4
220.4000	-0.003
220.5000	-0.004
220.6000	4.273E-4
220.7000	-0.002
220.8000	-0.003
220.9000	-0.003
221.0000	-5.493E-4
221.1000	6.104E-5
221.2000	-6.104E-4
221.3000	9.156E-4
221.4000	4.273E-4
221.5000	-0.001
221.6000	0.001
221.7000	0.002
221.8000	7.324E-4
221.9000	0.001
222.0000	0.005
222.1000	8.545E-4
222.2000	0.001
222.3000	0.005
222.4000	0.003
222.5000	0.002
222.6000	0.004
222.7000	0.004
222.8000	0.002
222.9000	0.003
223.0000	0.005
223.1000	0.005
223.2000	0.003
223.3000	0.007
223.4000	0.007
223.5000	0.003
223.6000	0.007
223.7000	0.006
223.8000	0.005
223.9000	0.008
224.0000	0.006
224.1000	0.006
224.2000	0.005
224.3000	0.009
224.4000	0.009
224.5000	0.004
224.6000	0.008
224.7000	0.008
224.8000	0.006
224.9000	0.007
225.0000	0.007
225.1000	0.009
225.2000	0.008
225.3000	0.008
225.4000	0.010
225.5000	0.009
225.6000	0.011
225.7000	0.005
225.8000	0.007
225.9000	0.011
226.0000	0.008
226.1000	0.006
226.2000	0.009
226.3000	0.008
226.4000	0.009
226.5000	0.009
226.6000	0.007
226.7000	0.008
226.8000	0.009
226.9000	0.005
227.0000	0.008
227.1000	0.005
227.2000	0.006
227.3000	0.006
227.4000	0.005
227.5000	0.002
227.6000	0.005
227.7000	0.007
227.8000	0.004
227.9000	0.002
228.0000	0.002
228.1000	0.003
228.2000	0.005
228.3000	0.003
228.4000	0.003
228.5000	0.002
228.6000	9.156E-4
228.7000	0.004
228.8000	1.221E-4
228.9000	0.002
229.0000	-0.001
229.1000	7.324E-4
229.2000	6.104E-5
229.3000	-5.493E-4
229.4000	1.221E-4
229.5000	-4.883E-4
229.6000	-0.004
229.7000	-3.662E-4
229.8000	-8.545E-4
229.9000	-0.003
230.0000	-0.003
230.1000	1.221E-4
230.2000	-0.006
230.3000	-6.714E-4
230.4000	-0.005
230.5000	-0.002
230.6000	-0.004
230.7000	-0.005
230.8000	-0.004
230.9000	-0.004
231.0000	-0.005
231.1000	-0.003
231.2000	-0.003
231.3000	-0.005
231.4000	-0.003
231.5000	-0.006
231.6000	-0.005
231.7000	-0.006
231.8000	-0.006
231.9000	-0.005
232.0000	-0.004
232.1000	-0.008
232.2000	-0.005
232.3000	-0.007
232.4000	-0.005
232.5000	-0.007
232.6000	-0.006
232.7000	-0.004
232.8000	-0.005
232.9000	-0.008
233.0000	-0.005
233.1000	-0.005
233.2000	-0.006
233.3000	-0.007
233.4000	-0.007
233.5000	-0.003
233.6000	-0.010
233.7000	-0.004
233.8000	-0.003
233.9000	-0.010
234.0000	-0.006
234.1000	-0.004
234.2000	-0.006
234.3000	-0.005
234.4000	-0.004
234.5000	-0.005
234.6000	-0.004
234.7000	-0.002
234.8000	-0.004
234.9000	-0.002
235.0000	-0.005
235.1000	2.441E-4
235.2000	-0.001
235.3000	-0.003
235.4000	4.883E-4
235.5000	-8.545E-4
235.6000	-0.001
235.7000	3.052E-4
235.8000	3.662E-4
235.9000	4.273E-4
236.0000	0.002
236.1000	0.003
236.2000	0.003
236.3000	0.005
236.4000	0.006
236.5000	0.005
236.6000	0.002
236.7000	0.005
236.8000	0.009
236.9000	0.006
237.0000	0.007
237.1000	0.008
237.2000	0.008
237.3000	0.008
237.4000	0.012
237.5000	0.011
237.6000	0.009
237.7000	0.011
237.8000	0.012
237.9000	0.008
238.0000	0.009
238.1000	0.017
238.2000	0.006
238.3000	0.010
238.4000	0.012
238.5000	0.010
238.6000	0.006
238.7000	0.009
238.8000	0.012
238.9000	0.013
239.0000	0.008
239.1000	0.014
239.2000	0.011
239.3000	0.009
239.4000	0.011
239.5000	0.010
239.6000	0.008
239.7000	0.012
239.8000	0.009
239.9000	0.010
240.0000	0.011
240.1000	0.006
240.2000	0.011
240.3000	0.005
240.4000	0.008
240.5000	0.010
240.6000	0.006
240.7000	0.006
240.8000	0.007
240.9000	0.006
241.0000	0.006
241.1000	0.006
241.2000	0.005
241.3000	0.006
241.4000	0.005
241.5000	0.003
241.6000	0.005
241.7000	0.004
241.8000	0.005
241.9000	0.003
242.0000	0.001
242.1000	0.002
242.2000	0.003
242.3000	6.714E-4
242.4000	1.221E-4
242.5000	0.001
242.6000	0.002
242.7000	-2.441E-4
242.8000	-0.002
242.9000	0.001
243.0000	-0.001
243.1000	-0.002
243.2000	5.493E-4
243.3000	-8.545E-4
243.4000	-0.002
243.5000	-0.003
243.6000	-6.104E-4
243.7000	-0.005
243.8000	-0.007
243.9000	-0.001
244.0000	-0.004
244.1000	-0.012
244.2000	-0.007
244.3000	-0.004
244.4000	-0.013
244.5000	-0.007
244.6000	-0.003
244.7000	-0.013
244.8000	-0.007
244.9000	-0.011
245.0000	-0.005
245.1000	-0.009
245.2000	-0.009
245.3000	-0.005
245.4000	-0.009
245.5000	-0.007
245.6000	-0.001
245.7000	-0.008
245.8000	-0.006
245.9000	-0.005
246.0000	-0.007
246.1000	-0.005
246.2000	-0.004
246.3000	-0.007
246.4000	-0.005
246.5000	-0.003
246.6000	-0.003
246.7000	-0.005
246.8000	-0.005
246.9000	-0.001
247.0000	-0.002
247.1000	-0.001
247.2000	-0.002
247.3000	-0.003
247.4000	-0.002
247.5000	0.002
247.6000	-0.003
247.7000	4.883E-4
247.8000	0.002
247.9000	-9.766E-4
248.0000	4.273E-4
248.1000	0.004
248.2000	0.003
248.3000	0.003
248.4000	-6.104E-4
248.5000	0.005
248.6000	0.006
248.7000	0.001
248.8000	0.005
248.9000	0.004
249.0000	0.002
249.1000	0.006
249.2000	0.004
249.3000	0.004
249.4000	0.006
249.5000	0.007
249.6000	0.007
249.7000	0.006
249.8000	0.009
249.9000	0.009
250.0000	0.007
250.1000	0.009
250.2000	0.010
250.3000	0.006
250.4000	0.011
250.5000	0.010
250.6000	0.011
250.7000	0.011
250.8000	0.009
250.9000	0.010
251.0000	0.014
251.1000	0.011
251.2000	0.010
251.3000	0.011
251.4000	0.011
251.5000	0.014
251.6000	0.009
251.7000	0.012
251.8000	0.007
251.9000	0.005
252.0000	0.013
252.1000	0.017
252.2000	0.016
252.3000	0.010
252.4000	0.006
252.5000	0.011
252.6000	0.010
252.7000	0.014
252.8000	0.003
252.9000	0.010
253.0000	0.015
253.1000	0.004
253.2000	0.016
253.3000	0.006
253.4000	0.009
253.5000	0.019
253.6000	0.005
253.7000	0.009
253.8000	0.010
253.9000	6.104E-5
254.0000	0.007
254.1000	0.005
254.2000	0.007
254.3000	0.015
254.4000	0.003
254.5000	0.006
254.6000	0.009
254.7000	0.003
254.8000	0.010
254.9000	0.002
255.0000	0.006
255.1000	0.008
255.2000	0.006
255.3000	0.012
255.4000	0.006
255.5000	0.006
255.6000	0.007
255.7000	0.007
255.8000	0.004
255.9000	0.008
256.0000	0.004
256.1000	0.006
256.2000	0.008
256.3000	0.004
256.4000	0.008
256.5000	-0.002
256.6000	-5.493E-4
256.7000	0.005
256.8000	-0.003
256.9000	7.324E-4
257.0000	0.005
257.1000	-0.004
257.2000	6.104E-4
257.3000	0.005
257.4000	-0.003
257.5000	0.001
257.6000	0.002
257.7000	-0.002
257.8000	-3.662E-4
257.9000	-9.156E-4
258.0000	0.002
258.1000	-0.003
258.2000	-0.003
258.3000	-0.003
258.4000	-0.002
258.5000	-0.002
258.6000	-0.002
258.7000	-0.001
258.8000	-0.001
258.9000	-0.004
259.0000	-0.002
259.1000	-0.005
259.2000	-0.004
259.3000	-1.831E-4
259.4000	-0.005
259.5000	-0.002
259.6000	-0.003
259.7000	-0.003
259.8000	-0.005
259.9000	-0.005
260.0000	-0.002
260.1000	-0.004
260.2000	-0.004
260.3000	-0.002
260.4000	-0.003
260.5000	-0.005
260.6000	-9.766E-4
260.7000	-0.004
260.8000	-0.004
260.9000	-0.003
261.0000	-0.004
261.1000	-0.004
261.2000	-7.324E-4
261.3000	-9.156E-4
261.4000	-0.003
261.5000	-0.002
