Voltage, ChA, Run #2
Time ( s )	Voltage ( V )
0.0000	0.205
0.1000	0.188
0.2000	0.192
0.3000	0.180
0.4000	0.183
0.5000	0.164
0.6000	0.139
0.7000	0.150
0.8000	0.138
0.9000	0.127
1.0000	0.117
1.1000	0.104
1.2000	0.104
1.3000	0.100
1.4000	0.068
1.5000	0.063
1.6000	0.064
1.7000	0.058
1.8000	0.049
1.9000	0.034
2.0000	0.023
2.1000	0.020
2.2000	0.015
2.3000	0.004
2.4000	-0.015
2.5000	-0.016
2.6000	-0.019
2.7000	-0.026
2.8000	-0.044
2.9000	-0.055
3.0000	-0.051
3.1000	-0.061
3.2000	-0.077
3.3000	-0.085
3.4000	-0.091
3.5000	-0.093
3.6000	-0.103
3.7000	-0.109
3.8000	-0.126
3.9000	-0.128
4.0000	-0.131
4.1000	-0.141
4.2000	-0.154
4.3000	-0.157
4.4000	-0.160
4.5000	-0.165
4.6000	-0.178
4.7000	-0.181
4.8000	-0.184
4.9000	-0.186
5.0000	-0.198
5.1000	-0.204
5.2000	-0.212
5.3000	-0.209
5.4000	-0.207
5.5000	-0.213
5.6000	-0.220
5.7000	-0.212
5.8000	-0.213
5.9000	-0.215
6.0000	-0.221
6.1000	-0.217
6.2000	-0.215
6.3000	-0.207
6.4000	-0.209
6.5000	-0.208
6.6000	-0.203
6.7000	-0.194
6.8000	-0.194
6.9000	-0.191
7.0000	-0.188
7.1000	-0.175
7.2000	-0.167
7.3000	-0.166
7.4000	-0.161
7.5000	-0.154
7.6000	-0.142
7.7000	-0.137
7.8000	-0.129
7.9000	-0.120
8.0000	-0.115
8.1000	-0.106
8.2000	-0.100
8.3000	-0.094
8.4000	-0.087
8.5000	-0.081
8.6000	-0.072
8.7000	-0.072
8.8000	-0.064
8.9000	-0.056
9.0000	-0.052
9.1000	-0.048
9.2000	-0.042
9.3000	-0.039
9.4000	-0.033
9.5000	-0.029
9.6000	-0.025
9.7000	-0.023
9.8000	-0.019
9.9000	-0.015
10.0000	-0.011
10.1000	-0.009
10.2000	-0.007
10.3000	-0.003
10.4000	-1.831E-4
10.5000	0.001
10.6000	0.004
10.7000	0.004
10.8000	0.009
10.9000	0.012
11.0000	0.014
11.1000	0.017
11.2000	0.022
11.3000	0.026
11.4000	0.027
11.5000	0.031
11.6000	0.033
11.7000	0.038
11.8000	0.042
11.9000	0.046
12.0000	0.049
12.1000	0.055
12.2000	0.058
12.3000	0.065
12.4000	0.069
12.5000	0.074
12.6000	0.082
12.7000	0.085
12.8000	0.089
12.9000	0.093
13.0000	0.100
13.1000	0.107
13.2000	0.112
13.3000	0.113
13.4000	0.121
13.5000	0.128
13.6000	0.131
13.7000	0.130
13.8000	0.139
13.9000	0.143
14.0000	0.147
14.1000	0.154
14.2000	0.153
14.3000	0.153
14.4000	0.157
14.5000	0.157
14.6000	0.161
14.7000	0.160
14.8000	0.164
14.9000	0.162
15.0000	0.163
15.1000	0.165
15.2000	0.162
15.3000	0.161
15.4000	0.159
15.5000	0.162
15.6000	0.154
15.7000	0.155
15.8000	0.152
15.9000	0.146
16.0000	0.141
16.1000	0.136
16.2000	0.137
16.3000	0.130
16.4000	0.126
16.5000	0.124
16.6000	0.113
16.7000	0.107
16.8000	0.104
16.9000	0.100
17.0000	0.093
17.1000	0.090
17.2000	0.084
17.3000	0.077
17.4000	0.070
17.5000	0.070
17.6000	0.061
17.7000	0.054
17.8000	0.047
17.9000	0.041
18.0000	0.035
18.1000	0.031
18.2000	0.020
18.3000	0.011
18.4000	0.005
18.5000	0.006
18.6000	-0.003
18.7000	-0.010
18.8000	-0.019
18.9000	-0.020
19.0000	-0.024
19.1000	-0.029
19.2000	-0.037
19.3000	-0.048
19.4000	-0.056
19.5000	-0.057
19.6000	-0.067
19.7000	-0.070
19.8000	-0.074
19.9000	-0.079
20.0000	-0.083
20.1000	-0.093
20.2000	-0.101
20.3000	-0.099
20.4000	-0.103
20.5000	-0.107
20.6000	-0.110
20.7000	-0.111
20.8000	-0.117
20.9000	-0.120
21.0000	-0.121
21.1000	-0.123
21.2000	-0.128
21.3000	-0.126
21.4000	-0.131
21.5000	-0.133
21.6000	-0.135
21.7000	-0.133
21.8000	-0.131
21.9000	-0.135
22.0000	-0.134
22.1000	-0.133
22.2000	-0.132
22.3000	-0.133
22.4000	-0.130
22.5000	-0.130
22.6000	-0.123
22.7000	-0.123
22.8000	-0.125
22.9000	-0.120
23.0000	-0.119
23.1000	-0.114
23.2000	-0.111
23.3000	-0.109
23.4000	-0.108
23.5000	-0.100
23.6000	-0.096
23.7000	-0.094
23.8000	-0.088
23.9000	-0.084
24.0000	-0.082
24.1000	-0.080
24.2000	-0.075
24.3000	-0.071
24.4000	-0.065
24.5000	-0.062
24.6000	-0.058
24.7000	-0.057
24.8000	-0.051
24.9000	-0.046
25.0000	-0.045
25.1000	-0.042
25.2000	-0.034
25.3000	-0.031
25.4000	-0.028
25.5000	-0.026
25.6000	-0.022
25.7000	-0.021
25.8000	-0.016
25.9000	-0.012
26.0000	-0.009
26.1000	-0.007
26.2000	-9.766E-4
26.3000	8.545E-4
26.4000	0.002
26.5000	0.005
26.6000	0.011
26.7000	0.013
26.8000	0.016
26.9000	0.020
27.0000	0.025
27.1000	0.023
27.2000	0.026
27.3000	0.035
27.4000	0.037
27.5000	0.041
27.6000	0.044
27.7000	0.050
27.8000	0.050
27.9000	0.056
28.0000	0.057
28.1000	0.060
28.2000	0.064
28.3000	0.065
28.4000	0.071
28.5000	0.074
28.6000	0.078
28.7000	0.078
28.8000	0.080
28.9000	0.084
29.0000	0.086
29.1000	0.090
29.2000	0.093
29.3000	0.093
29.4000	0.096
29.5000	0.094
29.6000	0.103
29.7000	0.102
29.8000	0.105
29.9000	0.100
30.0000	0.106
30.1000	0.104
30.2000	0.107
30.3000	0.103
30.4000	0.105
30.5000	0.106
30.6000	0.104
30.7000	0.103
30.8000	0.103
30.9000	0.104
31.0000	0.104
31.1000	0.094
31.2000	0.096
31.3000	0.095
31.4000	0.094
31.5000	0.092
31.6000	0.091
31.7000	0.089
31.8000	0.086
31.9000	0.081
32.0000	0.079
32.1000	0.076
32.2000	0.071
32.3000	0.067
32.4000	0.062
32.5000	0.061
32.6000	0.054
32.7000	0.055
32.8000	0.050
32.9000	0.045
33.0000	0.042
33.1000	0.044
33.2000	0.038
33.3000	0.027
33.4000	0.022
33.5000	0.020
33.6000	0.014
33.7000	0.013
33.8000	0.006
33.9000	0.008
34.0000	0.003
34.1000	0.001
34.2000	-0.006
34.3000	-0.010
34.4000	-0.014
34.5000	-0.019
34.6000	-0.021
34.7000	-0.026
34.8000	-0.030
34.9000	-0.030
35.0000	-0.040
35.1000	-0.042
35.2000	-0.041
35.3000	-0.047
35.4000	-0.051
35.5000	-0.054
35.6000	-0.060
35.7000	-0.063
35.8000	-0.064
35.9000	-0.066
36.0000	-0.066
36.1000	-0.069
36.2000	-0.072
36.3000	-0.073
36.4000	-0.076
36.5000	-0.081
36.6000	-0.080
36.7000	-0.083
36.8000	-0.080
36.9000	-0.081
37.0000	-0.083
37.1000	-0.085
37.2000	-0.085
37.3000	-0.085
37.4000	-0.086
37.5000	-0.086
37.6000	-0.085
37.7000	-0.083
37.8000	-0.081
37.9000	-0.081
38.0000	-0.076
38.1000	-0.079
38.2000	-0.078
38.3000	-0.075
38.4000	-0.073
38.5000	-0.076
38.6000	-0.071
38.7000	-0.069
38.8000	-0.066
38.9000	-0.069
39.0000	-0.064
39.1000	-0.062
39.2000	-0.058
39.3000	-0.053
39.4000	-0.052
39.5000	-0.054
39.6000	-0.055
39.7000	-0.049
39.8000	-0.043
39.9000	-0.041
40.0000	-0.038
40.1000	-0.035
40.2000	-0.034
40.3000	-0.030
40.4000	-0.026
40.5000	-0.027
40.6000	-0.024
40.7000	-0.020
40.8000	-0.016
40.9000	-0.016
41.0000	-0.013
41.1000	-0.011
41.2000	-0.008
41.3000	-0.002
41.4000	0.001
41.5000	0.001
41.6000	0.003
41.7000	0.006
41.8000	0.013
41.9000	0.010
42.0000	0.015
42.1000	0.018
42.2000	0.020
42.3000	0.023
42.4000	0.025
42.5000	0.029
42.6000	0.031
42.7000	0.032
42.8000	0.035
42.9000	0.036
43.0000	0.039
43.1000	0.043
43.2000	0.046
43.3000	0.045
43.4000	0.047
43.5000	0.048
43.6000	0.049
43.7000	0.054
43.8000	0.057
43.9000	0.057
44.0000	0.055
44.1000	0.060
44.2000	0.061
44.3000	0.063
44.4000	0.064
44.5000	0.064
44.6000	0.065
44.7000	0.063
44.8000	0.066
44.9000	0.067
45.0000	0.067
45.1000	0.065
45.2000	0.068
45.3000	0.065
45.4000	0.065
45.5000	0.068
45.6000	0.068
45.7000	0.066
45.8000	0.067
45.9000	0.067
46.0000	0.062
46.1000	0.063
46.2000	0.060
46.3000	0.060
46.4000	0.059
46.5000	0.060
46.6000	0.060
46.7000	0.054
46.8000	0.054
46.9000	0.051
47.0000	0.051
47.1000	0.051
47.2000	0.049
47.3000	0.046
47.4000	0.047
47.5000	0.042
47.6000	0.039
47.7000	0.038
47.8000	0.037
47.9000	0.033
48.0000	0.033
48.1000	0.031
48.2000	0.029
48.3000	0.023
48.4000	0.024
48.5000	0.020
48.6000	0.019
48.7000	0.016
48.8000	0.011
48.9000	0.005
49.0000	0.004
49.1000	0.007
49.2000	0.002
49.3000	-0.003
49.4000	-0.002
49.5000	-0.006
49.6000	-0.008
49.7000	-0.005
49.8000	-0.011
49.9000	-0.014
50.0000	-0.017
50.1000	-0.018
50.2000	-0.022
50.3000	-0.029
50.4000	-0.028
50.5000	-0.026
50.6000	-0.035
50.7000	-0.029
50.8000	-0.037
50.9000	-0.033
51.0000	-0.038
51.1000	-0.033
51.2000	-0.035
51.3000	-0.048
51.4000	-0.044
51.5000	-0.044
51.6000	-0.047
51.7000	-0.050
51.8000	-0.047
51.9000	-0.050
52.0000	-0.047
52.1000	-0.051
52.2000	-0.048
52.3000	-0.050
52.4000	-0.051
52.5000	-0.052
52.6000	-0.053
52.7000	-0.056
52.8000	-0.055
52.9000	-0.053
53.0000	-0.053
53.1000	-0.048
53.2000	-0.049
53.3000	-0.051
53.4000	-0.049
53.5000	-0.049
53.6000	-0.046
53.7000	-0.044
53.8000	-0.042
53.9000	-0.043
54.0000	-0.042
54.1000	-0.040
54.2000	-0.036
54.3000	-0.038
54.4000	-0.037
54.5000	-0.034
54.6000	-0.032
54.7000	-0.030
54.8000	-0.030
54.9000	-0.027
55.0000	-0.024
55.1000	-0.022
55.2000	-0.020
55.3000	-0.018
55.4000	-0.021
55.5000	-0.017
55.6000	-0.015
55.7000	-0.012
55.8000	-0.014
55.9000	-0.009
56.0000	-0.008
56.1000	-0.006
56.2000	-3.052E-4
56.3000	-8.545E-4
56.4000	0.004
56.5000	0.002
56.6000	0.008
56.7000	0.006
56.8000	0.009
56.9000	0.006
57.0000	0.007
57.1000	0.011
57.2000	0.013
57.3000	0.017
57.4000	0.022
57.5000	0.020
57.6000	0.018
57.7000	0.020
57.8000	0.018
57.9000	0.025
58.0000	0.026
58.1000	0.026
58.2000	0.031
58.3000	0.029
58.4000	0.031
58.5000	0.029
58.6000	0.034
58.7000	0.034
58.8000	0.035
58.9000	0.036
59.0000	0.036
59.1000	0.038
59.2000	0.037
59.3000	0.041
59.4000	0.038
59.5000	0.038
59.6000	0.039
59.7000	0.036
59.8000	0.040
59.9000	0.042
60.0000	0.040
60.1000	0.037
60.2000	0.039
60.3000	0.040
60.4000	0.038
60.5000	0.040
60.6000	0.039
60.7000	0.038
60.8000	0.034
60.9000	0.039
61.0000	0.031
61.1000	0.034
61.2000	0.033
61.3000	0.037
61.4000	0.031
61.5000	0.033
61.6000	0.029
61.7000	0.028
61.8000	0.027
61.9000	0.026
62.0000	0.024
62.1000	0.023
62.2000	0.023
62.3000	0.021
62.4000	0.017
62.5000	0.015
62.6000	0.016
62.7000	0.015
62.8000	0.013
62.9000	0.011
63.0000	0.010
63.1000	0.007
63.2000	0.009
63.3000	0.006
63.4000	0.003
63.5000	0.003
63.6000	-0.003
63.7000	-0.002
63.8000	-0.005
63.9000	-0.008
64.0000	-0.010
64.1000	-0.014
64.2000	-0.011
64.3000	-0.011
64.4000	-0.014
64.5000	-0.016
64.6000	-0.015
64.7000	-0.015
64.8000	-0.020
64.9000	-0.020
65.0000	-0.021
65.1000	-0.024
65.2000	-0.025
65.3000	-0.026
65.4000	-0.024
65.5000	-0.026
65.6000	-0.022
65.7000	-0.027
65.8000	-0.025
65.9000	-0.029
66.0000	-0.030
66.1000	-0.031
66.2000	-0.027
66.3000	-0.030
66.4000	-0.030
66.5000	-0.030
66.6000	-0.027
66.7000	-0.030
66.8000	-0.027
66.9000	-0.029
67.0000	-0.027
67.1000	-0.030
67.2000	-0.026
67.3000	-0.029
67.4000	-0.027
67.5000	-0.027
67.6000	-0.025
67.7000	-0.026
67.8000	-0.024
67.9000	-0.025
68.0000	-0.023
68.1000	-0.024
68.2000	-0.022
68.3000	-0.020
68.4000	-0.019
68.5000	-0.022
68.6000	-0.019
68.7000	-0.016
68.8000	-0.017
68.9000	-0.017
69.0000	-0.013
69.1000	-0.014
69.2000	-0.011
69.3000	-0.012
69.4000	-0.012
69.5000	-0.013
69.6000	-0.007
69.7000	-0.004
69.8000	-0.005
69.9000	-0.002
70.0000	-0.002
70.1000	-0.004
70.2000	-0.003
70.3000	-5.493E-4
70.4000	-9.156E-4
70.5000	0.001
70.6000	0.004
70.7000	0.006
70.8000	0.003
70.9000	0.004
71.0000	0.009
71.1000	0.007
71.2000	0.009
71.3000	0.011
71.4000	0.012
71.5000	0.012
71.6000	0.013
71.7000	0.016
71.8000	0.015
71.9000	0.016
72.0000	0.019
72.1000	0.016
72.2000	0.018
72.3000	0.019
72.4000	0.018
72.5000	0.018
72.6000	0.021
72.7000	0.023
72.8000	0.025
72.9000	0.022
73.0000	0.022
73.1000	0.024
73.2000	0.024
73.3000	0.022
73.4000	0.023
73.5000	0.022
73.6000	0.025
73.7000	0.025
73.8000	0.026
73.9000	0.024
74.0000	0.021
74.1000	0.025
74.2000	0.021
74.3000	0.025
74.4000	0.023
74.5000	0.020
74.6000	0.022
74.7000	0.022
74.8000	0.020
74.9000	0.022
75.0000	0.022
75.1000	0.019
75.2000	0.023
75.3000	0.018
75.4000	0.016
75.5000	0.015
75.6000	0.019
75.7000	0.017
75.8000	0.017
75.9000	0.014
76.0000	0.015
76.1000	0.013
76.2000	0.014
76.3000	0.010
76.4000	0.012
76.5000	0.008
76.6000	0.011
76.7000	0.008
76.8000	0.007
76.9000	0.006
77.0000	0.006
77.1000	0.007
77.2000	0.004
77.3000	0.003
77.4000	0.001
77.5000	-8.545E-4
77.6000	6.104E-4
77.7000	-3.662E-4
77.8000	-0.002
77.9000	-0.001
78.0000	-0.003
78.1000	-9.156E-4
78.2000	-0.002
78.3000	-0.001
78.4000	-0.007
78.5000	-0.007
78.6000	-0.005
78.7000	-0.007
78.8000	-0.010
78.9000	-0.010
79.0000	-0.012
79.1000	-0.012
79.2000	-0.011
79.3000	-0.010
79.4000	-0.010
79.5000	-0.015
79.6000	-0.015
79.7000	-0.017
79.8000	-0.013
79.9000	-0.014
80.0000	-0.013
80.1000	-0.015
80.2000	-0.021
80.3000	-0.015
80.4000	-0.016
80.5000	-0.017
80.6000	-0.018
80.7000	-0.017
80.8000	-0.017
80.9000	-0.016
81.0000	-0.013
81.1000	-0.015
81.2000	-0.012
81.3000	-0.017
81.4000	-0.013
81.5000	-0.017
81.6000	-0.017
81.7000	-0.014
81.8000	-0.012
81.9000	-0.015
82.0000	-0.010
82.1000	-0.011
82.2000	-0.015
82.3000	-0.014
82.4000	-0.010
82.5000	-0.009
82.6000	-0.010
82.7000	-0.011
82.8000	-0.006
82.9000	-0.010
83.0000	-0.007
83.1000	-0.005
83.2000	-0.005
83.3000	-0.007
83.4000	-0.002
83.5000	-0.004
83.6000	-0.006
83.7000	-0.002
83.8000	-0.002
83.9000	-0.001
84.0000	-0.002
84.1000	0.003
84.2000	-1.831E-4
84.3000	8.545E-4
84.4000	0.002
84.5000	0.003
84.6000	0.001
84.7000	0.004
84.8000	0.004
84.9000	0.004
85.0000	0.003
85.1000	0.009
85.2000	0.009
85.3000	0.005
85.4000	0.004
85.5000	0.008
85.6000	0.005
85.7000	0.010
85.8000	0.013
85.9000	0.008
86.0000	0.010
86.1000	0.015
86.2000	0.009
86.3000	0.009
86.4000	0.011
86.5000	0.012
86.6000	0.010
86.7000	0.014
86.8000	0.014
86.9000	0.014
87.0000	0.013
87.1000	0.014
87.2000	0.013
87.3000	0.013
87.4000	0.013
87.5000	0.013
87.6000	0.014
87.7000	0.014
87.8000	0.015
87.9000	0.013
88.0000	0.012
88.1000	0.017
88.2000	0.017
88.3000	0.014
88.4000	0.012
88.5000	0.015
88.6000	0.014
88.7000	0.010
88.8000	0.012
88.9000	0.014
89.0000	0.013
89.1000	0.014
89.2000	0.012
89.3000	0.012
89.4000	0.009
89.5000	0.011
89.6000	0.010
89.7000	0.012
89.8000	0.008
89.9000	0.010
90.0000	0.008
90.1000	0.007
90.2000	0.005
90.3000	0.003
90.4000	0.003
90.5000	0.005
90.6000	0.004
90.7000	0.004
90.8000	8.545E-4
90.9000	0.004
91.0000	1.221E-4
91.1000	1.221E-4
91.2000	-0.005
91.3000	-0.001
91.4000	-0.003
91.5000	-0.003
91.6000	-0.003
91.7000	-0.003
91.8000	-0.002
91.9000	-0.006
92.0000	-0.007
92.1000	-0.007
92.2000	-0.006
92.3000	-0.002
92.4000	-0.008
92.5000	-0.007
92.6000	-0.007
92.7000	-0.006
92.8000	-0.009
92.9000	-0.008
93.0000	-0.012
93.1000	-0.010
93.2000	-0.011
93.3000	-0.010
93.4000	-0.011
93.5000	-0.009
93.6000	-0.008
93.7000	-0.007
93.8000	-0.011
93.9000	-0.010
94.0000	-0.015
94.1000	-0.009
94.2000	-0.011
94.3000	-0.009
94.4000	-0.012
94.5000	-0.005
94.6000	-0.011
94.7000	-0.011
94.8000	-0.010
94.9000	-0.009
95.0000	-0.008
95.1000	-0.006
95.2000	-0.009
95.3000	-0.012
95.4000	-0.009
95.5000	-0.006
95.6000	-0.004
95.7000	-0.007
95.8000	-0.009
95.9000	-0.004
96.0000	-0.008
96.1000	-0.004
96.2000	-0.005
96.3000	-5.493E-4
96.4000	-0.004
96.5000	2.441E-4
96.6000	-0.004
96.7000	-0.002
96.8000	-0.002
96.9000	9.766E-4
97.0000	-0.003
97.1000	0.003
97.2000	0.002
97.3000	0.003
97.4000	0.002
97.5000	0.002
97.6000	0.003
97.7000	0.005
97.8000	0.006
97.9000	0.008
98.0000	0.006
98.1000	0.009
98.2000	0.009
98.3000	0.004
98.4000	0.007
98.5000	0.009
98.6000	0.007
98.7000	0.011
98.8000	0.008
98.9000	0.010
99.0000	0.007
99.1000	0.010
99.2000	0.009
99.3000	0.010
99.4000	0.012
99.5000	0.013
99.6000	0.014
99.7000	0.006
99.8000	0.008
99.9000	0.009
100.0000	0.010
100.1000	0.010
100.2000	0.008
100.3000	0.006
100.4000	0.009
100.5000	0.005
100.6000	0.011
100.7000	0.012
100.8000	0.016
100.9000	0.014
101.0000	0.012
101.1000	0.010
101.2000	0.013
101.3000	0.017
101.4000	0.013
101.5000	0.010
101.6000	0.010
101.7000	0.009
101.8000	0.011
101.9000	0.011
102.0000	0.010
102.1000	0.008
102.2000	0.006
102.3000	0.009
102.4000	0.008
102.5000	0.009
102.6000	0.011
102.7000	0.011
102.8000	0.008
102.9000	0.005
103.0000	0.008
103.1000	0.008
103.2000	0.006
103.3000	0.009
103.4000	0.007
103.5000	0.005
103.6000	0.007
103.7000	0.004
103.8000	0.002
103.9000	0.003
104.0000	0.007
104.1000	0.005
104.2000	9.766E-4
104.3000	0.004
104.4000	0.004
104.5000	0.002
104.6000	0.002
104.7000	4.883E-4
104.8000	-0.002
104.9000	0.001
105.0000	0.006
105.1000	-0.003
105.2000	-0.004
105.3000	-3.052E-4
105.4000	-9.766E-4
105.5000	-0.004
105.6000	-0.002
105.7000	-0.004
105.8000	-3.052E-4
105.9000	-0.002
106.0000	-0.006
106.1000	-0.008
106.2000	-0.009
106.3000	-0.004
106.4000	-0.003
106.5000	-0.007
106.6000	-0.006
106.7000	-0.005
106.8000	-0.005
106.9000	-0.004
107.0000	-0.009
107.1000	-0.007
107.2000	-0.008
107.3000	-0.005
107.4000	-0.009
107.5000	-0.009
107.6000	-0.009
107.7000	-0.003
107.8000	-0.008
107.9000	-0.009
108.0000	-0.008
108.1000	-0.010
108.2000	-0.009
108.3000	-0.013
108.4000	-0.008
108.5000	-0.006
108.6000	-0.003
108.7000	-0.007
108.8000	-0.009
108.9000	-0.004
109.0000	-0.007
109.1000	-0.006
109.2000	-0.013
109.3000	-0.009
109.4000	-0.005
109.5000	-0.004
109.6000	-0.005
109.7000	-0.007
109.8000	-0.004
109.9000	-0.004
110.0000	-0.008
110.1000	-0.006
110.2000	-0.005
110.3000	-0.003
110.4000	-9.766E-4
110.5000	-0.002
110.6000	-0.005
110.7000	-0.002
110.8000	-0.003
110.9000	-3.662E-4
111.0000	-0.004
111.1000	-2.441E-4
111.2000	0.002
111.3000	0.003
111.4000	9.766E-4
111.5000	0.003
111.6000	9.156E-4
111.7000	0.005
111.8000	0.003
111.9000	0.004
112.0000	6.104E-5
112.1000	0.005
112.2000	0.005
112.3000	0.004
112.4000	0.003
112.5000	0.007
112.6000	0.007
112.7000	0.006
112.8000	0.005
112.9000	0.007
113.0000	0.009
113.1000	0.009
113.2000	0.005
113.3000	0.004
113.4000	0.008
113.5000	0.009
113.6000	0.010
113.7000	0.007
113.8000	0.008
113.9000	0.008
114.0000	0.009
114.1000	0.009
114.2000	0.008
114.3000	0.009
114.4000	0.012
114.5000	0.009
114.6000	0.010
114.7000	0.007
114.8000	0.011
114.9000	0.011
115.0000	0.012
115.1000	0.007
115.2000	0.006
115.3000	0.009
115.4000	0.011
115.5000	0.009
115.6000	0.006
115.7000	0.009
115.8000	0.008
115.9000	0.006
116.0000	0.009
116.1000	0.006
116.2000	0.008
116.3000	0.005
116.4000	0.007
116.5000	0.004
116.6000	0.005
116.7000	0.008
116.8000	0.005
116.9000	-1.221E-4
117.0000	0.004
117.1000	0.006
117.2000	0.003
117.3000	6.104E-4
117.4000	0.004
117.5000	0.004
117.6000	0.002
117.7000	0.002
117.8000	0.003
